in switch loop
2, -0.00159, -0.05396, 0.95862, 1.03760, -0.42725, 0.54932
18, -0.02087, -0.00977, 0.97583, 0.97656, -0.12207, 0.54932
35, -0.02148, -0.00854, 0.97437, 1.09863, -0.24414, 0.67139
52, -0.02148, -0.00879, 0.97461, 1.09863, -0.18311, 0.61035
69, -0.02222, -0.00879, 0.97424, 1.22070, -0.06104, 0.73242
86, -0.02148, -0.00964, 0.97424, 1.46484, 0.06104, 0.54932
103, -0.02197, -0.00928, 0.97424, 1.22070, 0.30518, 0.61035
120, -0.02161, -0.01001, 0.97473, 1.28174, 0.48828, 0.79346
137, -0.02124, -0.01050, 0.97522, 1.22070, 0.54932, 0.61035
154, -0.02051, -0.00806, 0.97729, 1.15967, 0.42725, 0.91553
171, -0.02124, -0.00952, 0.97498, 1.22070, 0.48828, 0.73242
188, -0.02026, -0.01099, 0.97644, 1.34277, 0.61035, 0.85449
205, -0.02197, -0.00940, 0.97400, 1.28174, 0.48828, 0.73242
222, -0.02148, -0.00928, 0.97424, 1.22070, 0.54932, 0.85449
239, -0.02148, -0.00720, 0.97656, 1.03760, 0.36621, 0.61035
256, -0.02087, -0.00940, 0.97485, 1.22070, 0.54932, 0.67139
273, -0.02136, -0.01050, 0.97437, 1.40381, 0.42725, 0.67139
290, -0.02173, -0.01196, 0.97314, 1.46484, 0.36621, 0.67139
307, -0.02283, -0.00989, 0.97461, 1.09863, 0.18311, 0.73242
324, -0.02148, -0.01038, 0.97449, 1.34277, 0.36621, 0.67139
341, -0.02209, -0.01074, 0.97375, 1.40381, 0.30518, 0.73242
358, -0.02258, -0.01050, 0.97510, 1.40381, 0.18311, 0.61035
375, -0.02173, -0.01233, 0.97546, 2.01416, 0.12207, 0.61035
392, -0.02307, -0.01514, 0.97583, 2.25830, -0.12207, 0.91553
409, -0.29736, 0.07434, 0.97949, 3.41797, -0.42725, 1.70898
426, -0.15955, -0.01953, 0.97522, 2.50244, -0.30518, 8.05664
443, -0.30786, -0.00867, 0.97522, 2.56348, -1.03760, 2.31934
460, -0.31494, -0.05103, 0.97278, 1.89209, -1.40381, 0.24414
477, -0.43188, -0.07056, 0.97424, 1.77002, -0.91553, -0.73242
494, -0.44934, -0.05090, 0.96216, 1.70898, -0.48828, -3.47900
511, -0.41663, -0.03503, 0.96863, 2.50244, 1.22070, -3.11279
528, -0.44019, -0.03809, 0.97925, 2.80762, 1.95312, 2.68555
545, -0.49023, -0.03748, 0.96838, 3.54004, 1.70898, 5.98145
562, -0.46960, -0.04163, 0.95239, 2.68555, 1.34277, 8.42285
579, -0.42053, 0.01587, 0.97205, -0.18311, 0.67139, 9.46045
596, -0.34851, -0.02344, 0.95972, 1.46484, 1.09863, 5.61523
613, -0.28735, -0.00903, 0.96008, 0.42725, 0.06104, 10.07080
630, -0.18701, -0.02222, 0.96362, 1.03760, 1.34277, 10.49805
647, -0.12646, 0.02319, 0.95056, -0.24414, 0.42725, 12.87842
664, 0.04675, 0.02966, 0.97278, 0.30518, 0.97656, 15.56396
680, -0.10730, 0.07556, 0.97498, 1.40381, 0.48828, 18.06641
697, 0.01868, -0.01294, 0.97766, 1.58691, 1.46484, 11.35254
714, 0.08459, -0.01294, 0.97815, 0.61035, 1.58691, 11.84082
731, 0.22986, -0.01831, 0.99353, -0.91553, 2.44141, 9.64355
748, 0.20581, 0.02441, 0.96069, 0.54932, 1.28174, 9.39941
765, 0.25378, 0.04456, 0.97217, -1.70898, 1.03760, 11.77979
782, 0.19458, 0.02454, 0.96851, 0.85449, 0.24414, 7.93457
798, 0.20459, -0.03943, 0.96252, 1.83105, 1.83105, 2.56348
815, 0.26147, -0.05579, 0.98267, 0.48828, 1.28174, 4.08936
832, 0.29126, -0.06360, 0.97400, 3.60107, 2.07520, 2.86865
849, 0.29285, -0.02197, 0.98267, -0.12207, 2.13623, 3.41797
866, 0.36206, -0.00806, 0.98621, 0.36621, 1.95312, 2.19727
883, 0.36157, -0.00586, 0.97656, 0.30518, 0.91553, 1.28174
900, 0.39807, 0.00281, 0.97632, 1.70898, 1.34277, 2.50244
916, 0.38000, 0.01624, 0.97766, 0.97656, 0.73242, 3.96729
932, 0.38818, 0.01367, 0.97900, 1.46484, 0.36621, 3.60107
949, 0.39380, 0.00085, 0.97742, 1.09863, 0.48828, 3.60107
966, 0.36072, -0.00452, 0.97681, 0.97656, 0.42725, 3.41797
983, 0.08081, -0.02246, 0.97498, 1.09863, 0.79346, 2.62451
1000, -0.01599, -0.01196, 0.97498, 0.24414, 0.61035, 0.54932
1017, -0.01941, -0.01343, 0.97620, 0.48828, 0.06104, 0.00000
1034, -0.01648, -0.01917, 0.97485, 1.03760, 0.18311, -1.52588
1051, -0.01831, -0.01758, 0.97498, 1.15967, 0.24414, -2.99072
1068, -0.02234, 0.00244, 0.97339, 1.03760, 0.54932, -3.54004
1085, -0.02124, -0.00415, 0.97607, 1.28174, 0.61035, -1.03760
1102, -0.01904, -0.01086, 0.97522, 1.70898, 0.54932, 0.67139
1119, -0.01917, -0.01501, 0.97498, 1.58691, 0.79346, 0.85449
1136, -0.01794, -0.01257, 0.97449, 1.09863, 1.15967, 0.73242
1153, -0.01892, -0.01245, 0.97693, 1.15967, 1.46484, 0.61035
in switch loop
1, -0.01978, -0.01074, 0.97571, 0.73242, -0.67139, 0.48828
18, -0.01978, -0.01367, 0.97461, 0.97656, -0.73242, 0.24414
35, -0.02100, -0.00964, 0.97510, 0.85449, -0.24414, -0.24414
52, -0.02148, -0.00916, 0.97485, 0.79346, 0.00000, -0.30518
69, -0.02136, -0.00891, 0.97498, 0.97656, 0.36621, 0.06104
86, -0.02014, -0.00684, 0.97717, 1.03760, 0.54932, 0.42725
103, -0.02026, -0.00854, 0.97522, 1.40381, 0.36621, 0.67139
120, -0.02112, -0.00989, 0.97437, 1.52588, 0.54932, 0.97656
137, -0.02063, -0.00977, 0.97632, 1.28174, 0.67139, 0.91553
154, -0.01965, -0.01062, 0.97583, 1.03760, 0.61035, 0.79346
171, -0.01965, -0.01001, 0.97449, 0.97656, 0.67139, 0.73242
188, -0.02014, -0.01025, 0.97437, 1.03760, 0.42725, 0.67139
205, -0.02087, -0.00977, 0.97546, 1.03760, 0.36621, 0.73242
222, -0.02002, -0.00830, 0.97449, 1.09863, 0.36621, 0.61035
239, -0.02161, -0.00867, 0.97498, 0.97656, 0.36621, 0.61035
256, -0.02136, -0.00879, 0.97510, 1.09863, 0.24414, 0.67139
273, -0.02209, -0.01001, 0.97351, 1.15967, 0.24414, 0.79346
290, -0.02026, -0.00891, 0.97510, 1.34277, 0.30518, 0.85449
307, -0.01904, -0.00562, 0.97583, 1.40381, -0.06104, 1.58691
324, -0.01819, 0.00562, 0.97400, 1.83105, -0.30518, 2.99072
341, 0.00696, 0.00891, 0.97729, 0.18311, 0.06104, 8.42285
358, 0.13647, 0.08044, 0.97449, 0.12207, 0.18311, 13.36670
375, 0.10718, 0.11646, 0.97913, 0.67139, 0.85449, 18.49365
392, 0.14575, 0.14832, 0.97815, 0.79346, 0.67139, 18.61572
409, 0.14697, 0.18188, 0.97485, 2.25830, 0.42725, 12.57324
426, 0.09558, 0.18677, 0.97437, 1.22070, 0.06104, 1.64795
443, 0.15686, 0.14331, 0.98303, 2.31934, -0.54932, -7.50732
460, 0.16028, 0.14697, 0.96472, 3.17383, -1.15967, -10.92529
477, 0.15576, 0.11658, 0.97498, 1.77002, 1.28174, -11.47461
494, 0.12915, 0.09631, 0.97559, 0.30518, 0.61035, -14.64844
511, 0.10632, 0.03479, 0.98376, -1.28174, 1.83105, -14.09912
528, 0.08960, 0.00378, 0.98218, 0.79346, 0.97656, -11.23047
545, -0.01563, -0.07764, 0.96960, 1.58691, 0.30518, -7.26318
562, 0.01099, 0.08020, 0.97852, 1.09863, -0.36621, -8.05664
579, -0.01184, 0.02454, 0.95654, 2.01416, -0.61035, -10.98633
596, -0.00964, -0.00061, 0.97412, -0.91553, 0.42725, -10.74219
613, -0.17017, -0.06604, 0.97827, 3.11279, 0.30518, -16.29639
630, -0.23279, -0.14783, 0.97266, 1.64795, 0.48828, -15.07568
647, -0.21301, -0.14795, 0.97046, 2.50244, 0.00000, -11.29150
664, -0.28491, -0.22070, 0.96973, 1.34277, 0.42725, -8.42285
681, -0.35498, -0.26379, 0.97339, 2.07520, 0.30518, -7.56836
698, -0.39124, -0.35254, 0.97693, 3.90625, 0.36621, -3.05176
715, -0.41174, -0.32385, 0.97559, 4.51660, -0.18311, 3.23486
732, -0.07703, -0.08411, 0.96851, 4.27246, -0.67139, 4.45557
749, -0.21936, -0.00732, 0.97876, 1.52588, 1.22070, 0.61035
767, -0.43347, -0.07837, 0.98730, -2.44141, 1.77002, -2.92969
784, -0.38220, -0.06201, 0.97266, 1.40381, -0.12207, -16.23535
801, -0.36902, -0.06177, 0.97498, 1.09863, 0.54932, -12.45117
818, -0.31982, -0.03210, 0.97229, 1.09863, 0.48828, -5.98145
835, -0.24280, -0.00903, 0.97656, 1.15967, 0.24414, -1.83105
852, -0.22021, 0.04712, 0.96716, 2.68555, 0.36621, 4.15039
869, -0.20605, 0.06018, 0.97375, 0.73242, 1.09863, 8.23975
886, -0.23572, 0.07019, 0.97290, 0.73242, 0.97656, 12.45117
903, -0.24500, 0.03357, 0.97375, 0.73242, 1.09863, 11.35254
920, -0.28455, 0.00183, 0.96460, 1.40381, 0.85449, 11.16943
937, -0.24585, 0.00342, 0.97144, -0.06104, 0.48828, 11.04736
954, -0.20093, 0.00195, 0.96680, 0.73242, 0.67139, 12.26807
971, -0.14697, 0.02417, 0.97168, -0.97656, 1.40381, 17.88330
988, -0.06445, 0.09058, 0.97620, -0.06104, 1.89209, 22.76611
1005, -0.11731, 0.11047, 0.97656, 0.18311, 1.28174, 24.23096
1022, -0.07544, 0.04639, 0.97534, 0.79346, 0.61035, 19.65332
1039, -0.08252, 0.00085, 0.97375, 1.70898, -0.06104, 17.57813
1056, -0.07178, 0.00781, 0.97949, 1.34277, 0.42725, 18.43262
1073, 0.03833, -0.01697, 0.97168, 1.89209, 0.85449, 15.86914
1090, 0.01978, -0.01794, 0.97119, 1.58691, 1.77002, 16.35742
1107, 0.01563, -0.03455, 0.97131, 2.74658, 1.95312, 15.50293
1124, 0.04651, -0.01636, 0.97412, 1.34277, 1.03760, 13.85498
1141, 0.05664, -0.00879, 0.97400, 2.38037, 0.24414, 13.61084
1158, 0.03015, -0.01257, 0.96765, 2.31934, 0.36621, 10.49805
1175, 0.06055, -0.08350, 0.95667, 2.80762, -0.61035, 5.79834
1192, 0.16553, -0.04614, 0.98926, -0.36621, 0.79346, 6.28662
1209, 0.15100, -0.05762, 0.94641, 5.12695, -1.09863, 6.10352
1226, 0.21924, -0.02307, 0.96790, 1.52588, 2.25830, 5.67627
1243, 0.27332, -0.02771, 0.97681, 1.34277, 2.25830, 3.96729
1260, 0.24634, -0.01904, 0.97119, 4.02832, 1.40381, 0.79346
1277, 0.27869, -0.04456, 0.97754, 2.13623, 1.46484, -0.97656
1294, 0.25232, -0.02539, 0.97644, 1.40381, 1.22070, -0.85449
1311, 0.24304, -0.04333, 0.97266, 0.91553, 0.73242, -2.62451
1328, 0.24280, -0.05090, 0.96912, 0.85449, 0.79346, -2.99072
1345, 0.20728, -0.01770, 0.97900, 1.09863, 0.79346, -1.95312
1362, 0.24524, -0.01721, 0.97437, -0.12207, 0.97656, -0.73242
1379, 0.23352, 0.00024, 0.97571, 0.30518, 0.54932, 0.48828
1395, 0.18823, -0.00427, 0.97754, 0.61035, 0.67139, 2.86865
1412, 0.16064, -0.01709, 0.97644, 1.03760, 0.67139, 3.29590
1429, 0.01990, -0.02356, 0.97363, 1.09863, 0.54932, 1.22070
1446, -0.01685, -0.01892, 0.97449, 0.73242, 0.42725, 0.48828
1463, -0.01782, -0.01660, 0.97400, -0.12207, 0.42725, 0.18311
1480, -0.01880, -0.02063, 0.97546, 0.48828, 0.67139, 0.36621
1497, -0.01794, -0.01196, 0.97375, 0.42725, 0.54932, -0.79346
1514, -0.01794, -0.01416, 0.97473, 0.42725, 0.54932, 0.06104
1531, -0.01758, -0.01440, 0.97498, 0.54932, 0.73242, 0.42725
1548, -0.01758, -0.01465, 0.97546, 0.79346, 0.54932, 0.67139
1565, -0.01721, -0.01489, 0.97461, 0.97656, 0.48828, 0.79346
1582, -0.01794, -0.01453, 0.97498, 1.09863, 0.54932, 0.91553
1599, -0.01672, -0.01599, 0.97485, 1.58691, 0.36621, 0.91553
1616, -0.01709, -0.01672, 0.97424, 1.03760, 0.36621, 0.79346
1633, -0.01685, -0.01611, 0.97546, 1.28174, 0.61035, 0.73242
1650, -0.01819, -0.01660, 0.97559, 1.40381, 0.73242, 0.85449
1667, -0.01746, -0.01404, 0.97644, 1.40381, 1.09863, 0.67139
in switch loop
1, -0.03162, -0.00977, 0.99719, 0.73242, -0.67139, -2.19727
18, -0.02283, -0.00781, 0.97473, 0.85449, -0.42725, -0.36621
35, -0.02246, -0.01099, 0.97534, 1.03760, -0.24414, 0.85449
52, -0.02209, -0.00757, 0.97375, 0.30518, -0.12207, 0.73242
69, -0.02173, -0.01013, 0.97375, 0.24414, -0.06104, 0.67139
86, -0.02148, -0.00952, 0.97412, 0.73242, 0.30518, 0.73242
103, -0.02283, -0.00842, 0.97375, 1.15967, 0.24414, 0.85449
120, -0.02209, -0.00928, 0.97461, 1.03760, 0.54932, 0.85449
137, -0.02234, -0.00977, 0.97461, 1.03760, 0.79346, 0.79346
154, -0.02197, -0.00916, 0.97449, 1.03760, 0.61035, 0.79346
171, -0.02307, -0.00830, 0.97461, 0.91553, 0.67139, 0.91553
188, -0.02209, -0.00903, 0.97559, 1.15967, 0.73242, 0.97656
205, -0.02075, -0.00720, 0.97400, 1.09863, 0.54932, 1.64795
222, -0.02063, -0.01001, 0.97607, 0.85449, 0.73242, 2.25830
239, -0.02051, -0.00891, 0.97546, 0.91553, 0.73242, 2.01416
256, -0.02185, -0.01050, 0.97522, 1.22070, 0.48828, 2.07520
273, -0.02039, -0.00806, 0.97595, 1.15967, 0.42725, 2.07520
290, -0.01587, -0.00391, 0.97424, 0.97656, 0.30518, 2.31934
307, 0.00000, -0.00049, 0.97644, 1.09863, 0.42725, 4.33350
324, 0.08838, 0.02271, 0.97534, 1.09863, 0.36621, 9.03320
341, 0.08923, 0.05176, 0.97681, 1.03760, 0.54932, 16.41846
358, 0.09229, 0.08594, 0.97522, 1.40381, 0.79346, 20.20264
375, 0.08606, 0.12817, 0.97510, 1.52588, 0.85449, 18.06641
392, 0.08899, 0.13989, 0.97705, 1.52588, 0.85449, 15.38086
409, 0.06580, 0.20178, 0.97339, 0.67139, 0.85449, 9.33838
426, 0.11389, 0.23779, 0.97412, 0.54932, 1.03760, 4.45557
443, 0.07886, 0.22766, 0.97815, 0.85449, 0.67139, 0.30518
460, 0.05396, 0.23267, 0.97571, 1.52588, 0.48828, -3.66211
477, 0.09534, 0.21619, 0.97986, 1.70898, 0.06104, -9.58252
494, 0.03503, 0.28088, 0.97266, 1.15967, -0.48828, -14.95361
511, -0.04724, 0.20337, 0.97192, 0.00000, 0.24414, -22.03369
528, -0.06055, 0.16980, 0.97559, 1.28174, -0.36621, -23.86475
545, -0.12988, 0.06165, 0.96667, 4.82178, -0.36621, -25.32959
562, -0.14856, 0.06482, 0.97083, 2.13623, 0.24414, -23.98682
579, -0.16492, 0.09082, 0.96204, 1.34277, 0.54932, -24.90234
596, -0.19116, -0.02563, 0.96753, 6.40869, 1.28174, -20.81299
613, -0.21472, -0.01526, 0.98059, 2.56348, -0.24414, -19.28711
630, -0.23596, -0.05151, 0.97302, -0.24414, -1.52588, -24.41406
647, -0.23962, -0.17395, 0.97864, -2.31934, 0.42725, -23.37646
664, -0.29211, -0.11230, 0.97961, 1.64795, -0.18311, -21.42334
681, -0.31836, -0.24902, 0.96130, 1.77002, 0.30518, -26.97754
698, -0.34998, -0.35571, 0.96741, 0.79346, 0.73242, -18.49365
715, -0.34509, -0.27869, 0.97778, -0.79346, 0.85449, -8.72803
732, -0.32922, -0.21777, 0.97253, -0.42725, 1.09863, -3.17383
749, -0.28027, -0.25488, 0.97412, -0.06104, 1.28174, -3.23486
766, -0.29126, -0.20337, 0.96875, 0.48828, 1.52588, -0.79346
783, -0.23059, -0.20020, 0.97595, -0.18311, 1.15967, -2.62451
800, -0.23706, -0.20435, 0.97192, 0.91553, 0.91553, 1.46484
817, -0.19629, -0.17627, 0.96863, 1.03760, -0.06104, 4.45557
834, -0.15088, -0.17310, 0.97253, 0.85449, -0.12207, 3.23486
851, -0.07410, -0.20422, 0.97620, -0.12207, 0.67139, -3.11279
868, -0.12097, -0.24927, 0.97205, 0.36621, 1.22070, 2.74658
885, -0.13782, -0.23352, 0.97510, 0.79346, 1.46484, 11.96289
902, -0.15381, -0.22058, 0.97424, 0.24414, 0.79346, 9.82666
919, -0.06372, -0.22583, 0.97510, 1.28174, 0.73242, 8.91113
936, -0.05457, -0.23083, 0.96887, 2.01416, 0.73242, 10.86426
953, -0.05115, -0.23804, 0.97998, 1.46484, 0.42725, 16.41846
970, -0.04248, -0.22156, 0.97534, 1.52588, 0.12207, 17.02881
987, -0.06763, -0.22595, 0.97400, 4.69971, 0.18311, 21.05713
1004, -0.02795, -0.23926, 0.97192, 3.41797, 1.70898, 28.56445
1021, -0.01526, -0.14917, 0.98022, -1.58691, 1.34277, 38.39111
1038, -0.03149, -0.14392, 0.98022, -1.15967, 1.03760, 39.48975
1055, -0.04297, -0.14050, 0.97095, -0.85449, 1.95312, 43.82324
1072, 0.01489, -0.02856, 0.97083, -3.84521, 2.01416, 51.51367
1089, -0.04517, -0.03796, 0.97705, 0.30518, 0.91553, 48.21777
1106, 0.05615, 0.02551, 0.98096, 2.68555, 0.85449, 46.08154
1122, 0.04419, 0.04602, 0.97351, 3.41797, 1.34277, 51.45264
1139, 0.09290, 0.12170, 0.97839, 0.73242, 0.24414, 55.96924
1155, 0.16931, 0.14392, 0.98718, 2.74658, 1.89209, 51.63574
1172, 0.13257, 0.19849, 0.97595, 1.34277, 1.40381, 52.18506
1189, 0.16187, 0.18213, 0.96729, -2.19727, -0.18311, 49.62158
1206, 0.18713, 0.23730, 0.96960, -3.41797, 1.77002, 48.95020
1223, 0.26135, 0.36609, 0.97827, -2.19727, 1.22070, 45.41016
1240, 0.25964, 0.46362, 0.97815, 1.28174, 1.89209, 40.34424
1256, 0.25354, 0.43640, 0.97559, 1.52588, 1.83105, 27.16064
1273, 0.24060, 0.42822, 0.97668, 0.91553, 1.64795, 21.11816
1290, 0.25146, 0.41858, 0.97351, 2.50244, 1.03760, 13.18359
1306, 0.31616, 0.28723, 0.97510, 1.95312, 1.03760, 10.55908
1323, -0.03882, 0.01074, 0.97559, 3.60107, 0.24414, 16.66260
1340, 0.01270, 0.09839, 0.97156, 4.69971, -0.73242, 28.93066
1357, -0.03296, 0.12903, 0.97314, 3.11279, 0.36621, 32.53174
1374, -0.07971, 0.25745, 0.97729, 1.52588, 0.54932, 28.62549
1391, -0.05054, 0.29346, 0.97693, 1.09863, -0.30518, 13.00049
1408, -0.02588, 0.33228, 0.97778, 2.25830, -0.36621, 4.39453
1425, 0.01843, 0.37415, 0.96558, 2.86865, 0.00000, -2.62451
1442, 0.00745, 0.28491, 0.97278, 0.91553, 0.61035, -12.87842
1459, -0.03467, 0.30872, 0.98792, 2.80762, 0.91553, -16.17432
1476, -0.03125, 0.24951, 0.97485, 3.23486, 0.73242, -21.85059
1493, -0.06274, 0.17468, 0.97644, -0.06104, -1.28174, -26.42822
1510, -0.08667, 0.21460, 0.95068, 5.18799, -0.06104, -29.90723
1527, -0.04614, 0.14417, 0.99072, -1.83105, 0.91553, -32.77588
1544, -0.05347, 0.17688, 0.93848, 4.69971, 0.18311, -34.24072
1561, -0.04395, 0.12903, 0.96423, 2.62451, -0.12207, -38.87939
1578, -0.04553, 0.11401, 0.98572, -4.57764, 1.03760, -40.95459
1595, -0.08252, 0.04980, 0.97729, 2.86865, 0.24414, -44.98291
1612, -0.05859, -0.00513, 0.96326, 4.21143, 1.09863, -44.92188
1629, -0.04565, 0.11475, 0.95325, 8.23975, 0.61035, -40.34424
1646, -0.02527, -0.02502, 0.96875, -0.67139, 0.48828, -48.40088
1663, -0.02734, 0.00720, 0.98474, -4.94385, 0.91553, -47.66846
1680, -0.06152, -0.05969, 0.97168, 0.67139, 0.67139, -47.91260
1697, -0.05176, -0.08667, 0.97546, 0.85449, 0.12207, -43.94531
1714, -0.07971, -0.03406, 0.98352, -3.29590, -1.15967, -43.39600
1731, -0.02625, -0.04358, 0.98376, 0.54932, 1.77002, -43.21289
1748, -0.06897, -0.05469, 0.94800, 3.11279, -0.79346, -47.30225
1765, -0.03369, -0.15112, 0.98499, 2.13623, 0.79346, -46.69189
1782, -0.03674, -0.22888, 0.98425, -3.60107, -1.09863, -48.03467
1799, -0.04333, -0.24146, 0.99304, -3.72314, 2.50244, -41.56494
1816, -0.91638, -2.03503, 0.74915, 11.47461, 1.28174, -38.14697
1833, -0.05029, -0.62732, 0.95227, 21.72852, 1.89209, 182.18994
1850, -0.03271, -0.25464, 0.94690, 13.00049, 1.03760, 73.24219
1867, -0.03967, -0.18689, 0.94104, -6.16455, 2.38037, 24.90234
1884, 0.11206, -0.05420, 1.01624, -10.43701, 4.88281, -2.92969
1901, 0.01025, -0.03003, 0.97827, -3.11279, 3.41797, -11.16943
1918, 0.01123, -0.03076, 0.97168, 1.58691, 1.58691, -11.84082
1935, 0.02502, -0.03174, 0.97424, 2.07520, -2.56348, -17.21191
1952, 0.01135, -0.04016, 0.97510, 1.15967, -2.56348, -21.24023
1969, -0.01587, 0.00500, 0.97290, 0.67139, -0.73242, -24.23096
1986, -0.01453, 0.00110, 0.97571, 1.03760, 0.00000, -19.53125
2003, -0.02893, -0.00354, 0.97571, 1.40381, 0.48828, -14.77051
2020, -0.04150, 0.01697, 0.97327, 1.83105, 1.03760, -10.31494
2037, -0.02563, -0.00049, 0.97473, 1.89209, 1.46484, -3.72314
in switch loop
2, -0.00574, -0.08252, 0.97559, 1.58691, -0.06104, 2.80762
18, -0.02197, -0.00464, 0.97571, 1.28174, 0.00000, 1.95312
35, -0.02002, -0.01196, 0.97375, 1.15967, -0.12207, 1.22070
52, -0.02148, -0.00867, 0.97400, 1.15967, 0.18311, 0.61035
69, -0.02209, -0.00732, 0.97522, 1.15967, 0.30518, 0.61035
86, -0.02197, -0.01123, 0.97388, 1.15967, 0.54932, 0.54932
103, -0.02063, -0.00964, 0.97449, 1.22070, 0.48828, 0.61035
120, -0.02148, -0.01025, 0.97375, 1.22070, 0.67139, 0.73242
137, -0.02173, -0.00964, 0.97473, 0.97656, 0.48828, 0.67139
154, -0.02161, -0.01025, 0.97412, 0.97656, 0.61035, 0.73242
171, -0.02087, -0.01025, 0.97498, 1.22070, 0.61035, 0.67139
188, -0.01965, -0.00964, 0.97449, 1.15967, 0.30518, 0.91553
205, -0.01038, 0.00342, 0.97498, 1.28174, 0.42725, 2.07520
222, 0.12219, 0.03503, 0.97449, 0.67139, 0.36621, 10.19287
238, 0.08325, 0.05981, 0.97571, 0.97656, 0.91553, 21.17920
254, 0.07642, 0.07935, 0.97449, 0.97656, 0.97656, 21.36230
271, 0.11926, 0.16846, 0.97412, 1.28174, 0.91553, 19.34814
288, 0.04663, 0.18042, 0.97510, 1.09863, 1.03760, 15.50293
304, 0.01831, 0.20300, 0.97400, 0.97656, 0.85449, 8.97217
320, 0.02209, 0.17334, 0.97266, 1.64795, 0.91553, 9.64355
336, -0.00403, 0.23865, 0.97302, 1.64795, 0.42725, 0.97656
353, -0.01575, 0.12512, 0.98071, 1.46484, 0.24414, -2.68555
370, -0.04370, 0.15906, 0.96265, 2.13623, -0.12207, -2.92969
387, -0.05603, 0.17200, 0.97656, 0.24414, 0.18311, -7.93457
404, -0.07776, 0.09314, 0.97070, 2.07520, -0.12207, -12.08496
421, -0.09119, 0.05078, 0.98193, 2.19727, 0.42725, -10.19287
438, -0.12573, 0.09094, 0.97498, 1.70898, -0.36621, -11.29150
455, -0.14233, 0.08411, 0.97388, 0.48828, -0.67139, -18.79883
472, -0.13782, 0.05530, 0.97229, 1.70898, -0.42725, -20.81299
489, -0.15491, 0.03467, 0.98157, 4.69971, 0.54932, -18.92090
506, -0.14648, -0.01404, 0.97949, 2.92969, 0.24414, -22.46094
523, -0.17712, -0.09131, 0.97705, 0.85449, 0.61035, -21.85059
540, -0.17590, -0.07190, 0.96912, 3.29590, 0.42725, -18.79883
557, -0.17957, -0.11182, 0.97522, 5.73730, 0.61035, -20.50781
574, -0.19507, -0.14075, 0.97375, 2.44141, -0.48828, -18.43262
591, -0.24902, -0.05298, 0.95325, 0.85449, -0.85449, -16.78467
610, -0.21692, -0.18628, 0.98035, 0.24414, 0.67139, -3.35693
627, -0.23096, -0.17542, 0.97058, 0.00000, 0.61035, -11.65771
644, -0.19653, -0.16943, 0.97266, 1.34277, 0.06104, -11.16943
661, -0.16357, -0.18665, 0.94751, 2.44141, 0.30518, -11.96289
678, -0.13647, -0.17017, 0.97009, -0.54932, 1.83105, -9.46045
695, -0.14539, -0.04553, 0.97681, -1.46484, 2.56348, -5.55420
712, -0.19531, -0.07336, 0.98096, 0.12207, 0.97656, -6.89697
729, -0.19360, -0.13489, 0.97449, 0.18311, -0.24414, -8.54492
746, -0.19287, -0.17383, 0.96594, 0.06104, -0.18311, -8.78906
763, -0.15247, -0.22571, 0.97449, 0.12207, 0.18311, -7.99561
780, -0.12634, -0.23511, 0.98120, 1.15967, 0.91553, -5.06592
797, -0.13904, -0.18384, 0.97778, 0.54932, 1.15967, -0.67139
814, -0.13940, -0.12439, 0.97888, 1.03760, 0.67139, 2.44141
831, -0.15674, -0.15210, 0.96643, 1.83105, -0.36621, -0.97656
848, -0.10547, -0.15125, 0.97327, 1.83105, 0.06104, -2.44141
865, -0.03564, -0.18762, 0.97168, 1.70898, 0.97656, -3.35693
882, -0.01624, -0.22339, 0.97534, -0.91553, 0.30518, -2.19727
899, 0.01404, -0.23242, 0.97571, 0.79346, 0.24414, 1.77002
916, 0.01440, -0.19385, 0.96692, 0.97656, 0.24414, 11.10840
933, 0.05261, -0.15784, 0.97961, 1.83105, 1.22070, 17.27295
950, 0.06653, -0.14832, 0.97473, 4.63867, 0.91553, 21.30127
967, 0.02563, -0.14734, 0.97351, 4.15039, 1.64795, 22.76611
984, 0.10205, -0.14014, 0.97314, 2.13623, 2.50244, 21.97266
1001, 0.13879, -0.10767, 0.98511, 0.36621, 2.13623, 24.53613
1018, 0.13098, -0.10559, 0.97070, -2.19727, 1.03760, 30.63965
1035, 0.11877, -0.02966, 0.97144, -2.13623, 0.30518, 37.17041
1052, 0.13208, 0.02429, 0.97522, -0.61035, 0.18311, 38.33008
1069, 0.18982, -0.00037, 0.97192, -0.48828, 0.54932, 29.23584
1086, 0.18018, 0.00146, 0.97009, -0.67139, 0.42725, 32.28760
1103, 0.15771, 0.01721, 0.98022, 1.03760, 0.06104, 36.07178
1119, 0.11462, -0.00830, 0.96753, 1.58691, -0.24414, 32.40967
1136, 0.13318, -0.03040, 0.97559, 1.70898, 0.91553, 31.79932
1153, 0.12988, 0.00989, 0.97900, 0.91553, 0.97656, 36.19385
1170, 0.13647, -0.00464, 0.97339, 1.46484, 0.42725, 35.82764
1187, 0.14539, 0.04761, 0.97632, 1.52588, 0.67139, 36.56006
1204, 0.14807, 0.09363, 0.97400, 1.58691, 1.52588, 33.63037
1221, 0.13013, 0.10791, 0.97485, 1.15967, 1.34277, 31.92139
1237, 0.13855, 0.14575, 0.97437, 0.24414, 0.73242, 29.05273
1253, 0.14526, 0.12805, 0.97485, 0.12207, 0.18311, 27.22168
1270, 0.14648, 0.11475, 0.97388, 0.54932, 0.06104, 24.65820
1287, 0.15747, 0.11877, 0.97327, 0.48828, 0.00000, 22.58301
1303, 0.15942, 0.18689, 0.97510, 0.06104, 0.36621, 19.89746
1319, 0.14868, 0.16492, 0.97559, -0.18311, 0.48828, 14.52637
1336, 0.09509, 0.15576, 0.97754, 0.97656, 0.97656, 17.21191
1353, 0.04785, 0.14709, 0.97461, 1.95312, 0.73242, 14.89258
1370, 0.02100, 0.14856, 0.97351, 2.50244, 0.42725, 12.87842
1387, 0.02112, 0.14526, 0.97144, 2.25830, 0.42725, 11.16943
1404, -0.00488, 0.15173, 0.97461, 1.70898, 0.42725, 10.25391
1421, -0.01917, 0.13354, 0.97253, 1.28174, 0.54932, 9.82666
1438, -0.01758, 0.13354, 0.97424, 1.52588, 0.48828, 8.17871
1455, -0.06201, 0.16101, 0.97522, 0.12207, 0.97656, 6.89697
1472, -0.09766, 0.16711, 0.97607, -0.24414, 1.03760, 4.57764
1489, -0.13318, 0.13940, 0.98450, 1.34277, 1.52588, 3.11279
1506, -0.11243, 0.14795, 0.97107, 5.73730, 1.09863, 5.37109
1523, -0.12781, 0.19006, 0.96399, 6.04248, -0.24414, 2.13623
1540, -0.14771, 0.18347, 0.96069, 4.39453, -1.52588, -3.29590
1557, -0.17566, 0.18506, 0.97705, -0.48828, -1.52588, -7.14111
1574, -0.19971, 0.12488, 0.97131, 0.30518, -0.06104, -11.16943
1591, -0.20056, 0.10901, 0.97424, 1.83105, 0.24414, -12.20703
1608, -0.21448, 0.06055, 0.97473, 2.80762, 0.12207, -16.17432
1625, -0.21680, 0.08179, 0.96765, 3.23486, -0.42725, -16.47949
1642, -0.17517, 0.11853, 0.97778, 1.83105, -0.24414, -23.19336
1659, -0.17603, 0.12573, 0.97717, 0.54932, -0.18311, -29.66309
1676, -0.16980, 0.08118, 0.97998, 0.48828, 0.73242, -33.08105
1693, -0.16528, 0.07593, 0.97266, -0.36621, -0.18311, -33.99658
1710, -0.17249, 0.01636, 0.96790, -0.06104, 0.91553, -35.21729
1727, -0.17639, 0.01563, 0.97864, 1.22070, 2.13623, -34.11865
1744, -0.18579, -0.00659, 0.97217, 4.63867, 1.09863, -34.60693
1761, -0.15063, 0.00195, 0.98120, 0.54932, 0.54932, -36.92627
1778, -0.13916, 0.05969, 0.97412, 2.74658, 1.89209, -38.94043
1795, -0.12402, -0.02344, 0.97961, 3.47900, 0.00000, -44.67773
1812, -0.13477, -0.04639, 0.97095, -1.89209, 0.36621, -43.02979
1829, -0.11035, -0.04150, 0.98242, -3.29590, 0.42725, -43.21289
1846, -0.11023, -0.06934, 0.95166, 1.40381, 0.48828, -42.60254
1863, -0.06079, -0.04956, 0.97498, 0.48828, 1.46484, -40.64941
1880, -0.05615, -0.07507, 0.98401, -0.06104, 0.06104, -42.90771
1897, -0.08875, -0.10791, 0.97498, -0.36621, 0.30518, -40.28320
1914, 0.00793, -0.10876, 0.97974, -2.56348, 0.00000, -37.47559
1931, -0.00122, -0.12585, 0.96863, -0.54932, 0.30518, -41.19873
1948, -0.01208, -0.15186, 0.96033, 1.03760, 1.03760, -38.26904
1965, 0.02820, -0.18652, 0.97791, 0.06104, -0.24414, -35.21729
1982, 0.05933, -0.17969, 0.96533, 0.97656, -0.61035, -31.43311
1999, 0.07751, -0.22717, 0.97241, 3.60107, 1.70898, -26.36719
2016, 0.12561, -0.28003, 0.97241, 2.68555, 1.22070, -22.39990
2033, 0.11365, -0.30774, 0.97559, 3.35693, -1.15967, -16.78467
2050, 0.14063, -0.30029, 0.97131, 0.12207, -0.12207, -9.94873
2067, 0.16370, -0.30249, 0.96936, 0.36621, 1.70898, -3.72314
2084, 0.13892, -0.28296, 0.96985, 0.73242, 2.25830, -0.36621
2101, 0.09741, -0.18530, 0.97437, 0.12207, 1.09863, 3.54004
2118, 0.10547, -0.16028, 0.97534, 0.06104, 0.42725, 3.84521
2135, 0.00549, -0.03455, 0.97205, -0.12207, 0.00000, 0.79346
2152, -0.01514, -0.01257, 0.97656, -0.91553, -0.54932, -0.67139
2169, -0.01270, -0.01660, 0.97656, -0.18311, -0.67139, -1.15967
2186, -0.01685, -0.01172, 0.97583, -0.06104, -0.79346, -1.77002
2203, -0.01929, -0.00806, 0.97485, 0.06104, -0.18311, -1.95312
2220, -0.01990, -0.00549, 0.97437, 0.91553, 0.24414, -0.67139
2237, -0.01904, -0.00940, 0.97388, 1.46484, 0.79346, 0.61035
2254, -0.01770, -0.01123, 0.97437, 1.58691, 1.15967, 0.85449
2271, -0.01746, -0.01147, 0.97449, 1.89209, 1.15967, 0.97656
2288, -0.01709, -0.01160, 0.97473, 1.64795, 1.28174, 0.91553
2305, -0.01636, -0.01196, 0.97473, 1.34277, 1.22070, 0.85449
2322, -0.01636, -0.01331, 0.97437, 1.40381, 0.91553, 0.73242
2339, -0.01636, -0.01257, 0.97473, 1.34277, 0.85449, 0.79346
2356, -0.01575, -0.01208, 0.97473, 1.15967, 0.67139, 0.73242
2373, -0.01794, -0.01111, 0.97498, 1.28174, 0.48828, 0.67139
2390, -0.01746, -0.01025, 0.97620, 1.40381, 1.03760, 0.79346
2407, -0.01782, -0.01038, 0.97803, 1.89209, 1.46484, 0.61035
2424, -0.01770, -0.01099, 0.97900, 2.99072, 2.80762, 0.67139
2441, -0.01465, -0.01648, 0.97571, 3.90625, 4.51660, 0.36621
in switch loop
2, -0.02332, -0.04480, 0.97046, 0.73242, -0.18311, 0.36621
18, -0.02051, -0.00867, 0.97498, 0.67139, 0.18311, 0.61035
35, -0.02039, -0.00928, 0.97375, 0.79346, 0.36621, 0.48828
52, -0.02026, -0.01208, 0.97546, 0.48828, 0.42725, 0.36621
69, -0.02136, -0.00671, 0.97534, 0.85449, 0.12207, -0.24414
86, -0.02014, -0.00696, 0.97522, 0.91553, 0.06104, -0.54932
103, -0.02063, -0.00806, 0.97437, 0.97656, 0.06104, -0.06104
120, -0.02112, -0.00757, 0.97437, 1.15967, 0.36621, 0.06104
137, -0.02063, -0.00830, 0.97473, 1.15967, 0.61035, 0.00000
154, -0.02100, -0.00830, 0.97461, 0.91553, 0.54932, -0.24414
171, -0.01965, -0.00781, 0.97424, 1.03760, 0.54932, -0.24414
188, -0.01978, -0.00708, 0.97388, 0.97656, 0.48828, -0.06104
205, -0.02014, -0.00818, 0.97424, 1.03760, 0.30518, 0.30518
222, -0.02051, -0.00891, 0.97449, 1.09863, 0.24414, 0.36621
239, -0.02136, -0.01013, 0.97571, 1.40381, 0.30518, 0.67139
256, -0.02087, -0.00745, 0.97510, 0.97656, 0.42725, 0.73242
273, -0.01978, -0.00940, 0.97485, 1.34277, 0.48828, 0.85449
291, -0.01978, -0.00854, 0.97595, 1.52588, 0.24414, 0.73242
308, -0.01990, -0.00781, 0.97449, 1.28174, 0.12207, 0.85449
325, -0.02014, -0.00647, 0.97485, 1.64795, 0.12207, 1.09863
342, -0.01611, 0.05554, 0.97437, 1.77002, 0.06104, 2.56348
359, -0.02014, 0.01599, 0.97681, 1.09863, 0.79346, 13.24463
376, -0.00159, 0.15076, 0.97400, 1.09863, 0.67139, 19.95850
393, -0.02075, 0.31238, 0.97375, 0.61035, 0.91553, 15.50293
410, -0.03345, 0.32312, 0.97375, 0.73242, 0.73242, -2.01416
427, -0.01465, 0.25513, 0.97375, 0.91553, 0.48828, -12.20703
444, 0.01367, 0.20264, 0.97424, 1.58691, 0.36621, -10.86426
461, 0.00317, 0.20007, 0.97595, 1.95312, 0.12207, -6.53076
478, -0.01587, 0.29773, 0.97681, 1.40381, 0.18311, -4.21143
495, -0.02502, 0.26562, 0.97168, 0.61035, -0.30518, -8.85010
512, -0.02234, 0.27209, 0.97266, -0.18311, -0.12207, -10.49805
529, -0.03247, 0.22485, 0.96838, 3.05176, 0.12207, -20.93506
546, -0.02869, 0.11877, 0.97168, 1.03760, -0.18311, -26.00098
563, -0.05750, 0.07373, 0.96948, 1.46484, 0.67139, -23.13232
580, -0.04749, 0.02197, 0.97595, 5.00488, 0.73242, -28.50342
597, -0.03137, -0.09058, 0.98645, 1.40381, -0.30518, -32.16553
614, 0.00122, -0.02148, 0.97375, -0.54932, 0.48828, -28.93066
631, 0.02051, -0.09912, 0.98291, -0.48828, 0.24414, -30.39551
648, 0.01489, 0.07019, 0.97595, 0.61035, 0.61035, -29.29688
665, 0.00671, -0.08862, 0.98218, 0.54932, 0.00000, -41.25977
682, -0.03491, -0.11047, 0.97327, -0.85449, 0.36621, -40.46631
699, -0.07825, -0.34521, 0.98071, -0.91553, -0.12207, -42.17529
716, -0.15454, -0.29138, 0.97400, -1.70898, 0.36621, -33.87451
733, -0.16516, -0.48767, 0.97522, 1.70898, 0.24414, -28.93066
750, -0.20105, -0.46985, 0.97314, 2.13623, 0.61035, -16.23535
767, -0.17883, -0.55823, 0.97461, 1.89209, 0.48828, -10.80322
784, -0.14124, -0.37427, 0.97510, 1.40381, 0.48828, -3.72314
801, -0.17847, -0.19507, 0.97424, 0.00000, 0.36621, -8.78906
818, -0.20471, -0.30664, 0.97974, -1.95312, -0.18311, -20.20264
835, -0.21057, -0.29028, 0.97327, -3.29590, -0.18311, -14.46533
852, -0.25134, -0.33862, 0.98328, 2.50244, 0.36621, -7.81250
869, -0.30591, -0.39551, 0.97656, 0.54932, 0.30518, 2.99072
886, -0.33655, -0.35168, 0.97034, -0.54932, 0.48828, 20.56885
903, -0.29541, -0.26062, 0.97009, 2.25830, 1.09863, 32.53174
920, -0.19629, -0.18127, 0.98254, 4.27246, 2.07520, 36.62109
937, -0.17151, -0.14551, 0.97839, 0.91553, 1.40381, 39.91699
954, -0.11084, -0.02747, 0.97253, 4.08936, 1.34277, 36.98730
971, -0.08875, -0.04932, 0.96729, 3.72314, 1.40381, 30.94482
988, -0.00171, -0.10632, 0.96826, 2.44141, -0.48828, 28.44238
1005, 0.05737, -0.11194, 0.97864, 5.24902, 0.00000, 31.25000
1022, 0.13110, 0.04456, 0.96143, -3.11279, 1.03760, 39.79492
1039, 0.11804, 0.09302, 0.94800, -2.01416, 1.22070, 42.41943
1056, 0.19849, 0.28992, 0.97058, 1.34277, 1.09863, 36.68213
1073, 0.23059, 0.35840, 0.97913, 0.42725, 0.79346, 31.73828
1090, 0.26587, 0.40491, 0.96802, -1.70898, 1.15967, 26.55029
1107, 0.28442, 0.50659, 0.97632, 2.19727, 1.03760, 21.85059
1124, 0.32483, 0.59326, 0.97241, 0.97656, 0.91553, 15.50293
1141, 0.34595, 0.41333, 0.97119, 2.25830, 0.61035, 9.03320
1158, 0.00745, 0.14465, 0.97412, 5.12695, -0.30518, 18.79883
1175, 0.00879, 0.10034, 0.97266, 3.35693, 0.30518, 40.64941
1192, 0.00464, 0.25000, 0.97351, 1.83105, 1.28174, 50.84229
1209, -0.09338, 0.49817, 0.97278, 0.54932, 1.40381, 29.78516
1226, -0.03088, 0.29321, 0.97607, 0.79346, 0.24414, 5.37109
1243, -0.01331, 0.24927, 0.97363, 0.97656, -0.12207, 9.46045
1260, -0.05151, 0.37073, 0.97290, 0.12207, -0.42725, 9.27734
1277, -0.04919, 0.26013, 0.96960, 1.15967, 0.36621, -6.77490
1294, -0.02795, 0.15869, 0.97986, 4.27246, 0.85449, -19.59229
1311, -0.18396, 0.11108, 0.97778, 8.78906, 0.85449, -24.10889
1328, -0.23462, 0.23572, 0.97534, 0.97656, -0.18311, -18.18848
1345, -0.21033, -0.05469, 0.97278, -3.23486, -0.36621, -26.36719
1362, -0.20667, -0.12366, 0.97485, -0.85449, 0.61035, -10.49805
1379, -0.26819, -0.14246, 0.97815, -0.85449, 0.67139, -8.91113
1396, -0.30725, -0.27039, 0.97644, 0.73242, -0.06104, -20.93506
1413, -0.28748, -0.14539, 0.97375, 0.06104, 0.48828, -13.30566
1430, -0.24597, -0.15515, 0.97693, -0.97656, 0.48828, -18.12744
1447, -0.23694, -0.13831, 0.97205, 0.42725, 0.79346, -19.22607
1464, -0.23572, -0.22595, 0.97192, 4.57764, 1.28174, -21.24023
1481, -0.23157, -0.30945, 0.97205, 3.60107, 1.22070, -19.47021
1498, -0.22717, -0.29089, 0.97034, 2.44141, 1.03760, -10.49805
1515, -0.19751, -0.22949, 0.96704, 2.31934, 0.48828, -6.10352
1532, -0.19934, -0.24353, 0.97034, 0.85449, 0.48828, -6.83594
1549, -0.14624, -0.30872, 0.97339, 1.64795, 0.61035, -7.01904
1566, -0.10950, -0.33301, 0.97363, 1.28174, 0.30518, -2.86865
1583, -0.08667, -0.42651, 0.97681, 0.97656, 0.61035, -0.12207
1600, -0.06653, -0.39478, 0.97119, 0.54932, 1.09863, 6.53076
1617, 0.02930, -0.34729, 0.97717, -2.25830, -0.18311, 11.16943
1634, 0.07446, -0.30322, 0.97144, -2.50244, 0.06104, 11.53564
1651, 0.10095, -0.31824, 0.97461, 0.06104, 0.85449, 12.51221
1668, 0.08899, -0.30945, 0.96667, 4.15039, -0.97656, 17.45605
1685, 0.19177, -0.20728, 0.97705, 0.91553, 2.19727, 27.64893
1702, 0.20459, -0.14844, 0.97351, 3.29590, 2.99072, 34.60693
1719, 0.27039, -0.12024, 0.97900, 0.48828, 1.40381, 33.26416
1736, 0.23621, -0.10986, 0.97815, -5.37109, -0.48828, 35.70557
1753, 0.27979, -0.08984, 0.97864, -0.36621, 0.42725, 37.78076
1770, 0.30066, 0.00610, 0.98975, 8.36182, 3.11279, 36.74316
1787, 0.26221, 0.02283, 0.98462, 4.39453, 1.22070, 39.85596
1804, 0.27161, 0.00952, 0.96765, 4.63867, 2.50244, 41.38184
1821, 0.29016, 0.11206, 0.97180, -1.52588, 1.40381, 39.67285
1838, 0.24170, 0.04529, 0.96497, -5.92041, 0.18311, 40.58838
1855, 0.19299, 0.08984, 0.97278, -3.54004, 0.24414, 43.15186
1872, 0.18005, 0.06274, 0.97583, 1.77002, 0.42725, 38.94043
1889, 0.16223, 0.03748, 0.97632, 3.60107, 0.85449, 38.33008
1906, 0.12610, 0.03174, 0.96863, 3.96729, 0.85449, 40.52734
1923, 0.08276, 0.14697, 0.97314, 2.07520, 0.06104, 43.51807
1940, 0.04248, 0.23767, 0.97266, 0.73242, 0.61035, 36.86523
1957, 0.04980, 0.20605, 0.97778, 1.70898, 0.48828, 29.29688
1974, -0.00781, 0.20435, 0.96716, 0.24414, -0.54932, 26.42822
1991, -0.06238, 0.22473, 0.97107, 2.13623, 0.06104, 23.37646
2008, -0.09839, 0.21277, 0.97595, 1.52588, 0.91553, 19.04297
2025, -0.22449, 0.18787, 0.97205, 0.00000, 0.18311, 16.96777
2042, -0.23767, 0.15222, 0.97314, 0.85449, -0.61035, 12.63428
2059, -0.21851, 0.11206, 0.97424, 1.52588, -0.36621, 11.41357
2076, -0.27197, 0.09058, 0.97302, 0.85449, -0.06104, 9.76562
2093, -0.24939, 0.06946, 0.97168, 1.03760, 0.18311, 7.93457
2110, -0.24121, 0.07141, 0.97314, 0.91553, 0.36621, 6.34766
2127, -0.15833, 0.05103, 0.97363, 1.03760, 0.67139, 2.38037
2144, -0.02209, -0.00879, 0.97424, 1.95312, 0.91553, 1.83105
2161, -0.01965, -0.01379, 0.97498, 2.50244, 1.70898, 2.62451
2178, -0.02490, -0.02185, 0.97400, 2.56348, 1.89209, 7.26318
2195, -0.01636, -0.00806, 0.97351, 2.07520, 1.40381, 10.13184
2212, -0.00977, -0.00256, 0.97449, 1.40381, 0.79346, 7.14111
2229, -0.01831, -0.00867, 0.97949, 1.09863, 0.97656, 1.70898
2246, -0.01831, -0.00854, 0.97668, 1.52588, 2.31934, 0.54932
2263, -0.01868, -0.00818, 0.98145, 3.23486, 3.35693, 0.42725
in switch loop
2, -0.01892, -0.01465, 0.97876, 0.06104, -3.11279, 0.18311
18, -0.02319, -0.01123, 0.97815, 1.09863, -1.52588, 0.73242
35, -0.02356, -0.00220, 0.97400, 1.70898, -0.97656, 0.73242
52, -0.02258, -0.00940, 0.97388, 1.28174, -0.48828, 0.97656
69, -0.02124, -0.00916, 0.97534, 0.79346, -0.18311, 0.91553
86, -0.02209, -0.00610, 0.97473, 0.79346, 0.12207, 0.85449
103, -0.02185, -0.00903, 0.97339, 0.61035, 0.36621, 0.61035
120, -0.02222, -0.00769, 0.97437, 1.15967, 0.61035, 0.85449
137, -0.02234, -0.00964, 0.97449, 1.64795, 0.67139, 0.73242
154, -0.02136, -0.00964, 0.97412, 1.34277, 0.85449, 0.85449
171, -0.02087, -0.01074, 0.97412, 1.15967, 1.15967, 0.85449
188, -0.01929, -0.01147, 0.97583, 1.28174, 1.03760, 0.85449
205, -0.01929, -0.01025, 0.97510, 0.97656, 0.79346, 0.85449
222, -0.01978, -0.01050, 0.97559, 0.97656, 0.61035, 0.79346
239, -0.01343, -0.00891, 0.97559, 1.15967, 0.12207, 0.97656
256, 0.10571, 0.02966, 0.97729, 0.79346, 0.48828, 9.33838
273, 0.08618, 0.04626, 0.97510, 1.15967, 0.67139, 14.46533
290, 0.08850, 0.09436, 0.97400, 1.46484, 0.30518, 12.02393
307, 0.07373, 0.10217, 0.97498, 1.34277, 0.61035, 12.08496
324, 0.02856, 0.12170, 0.97388, 1.40381, 0.73242, 13.97705
341, -0.01147, 0.13696, 0.97229, 1.40381, 0.67139, 14.09912
358, -0.01331, 0.10449, 0.97400, 0.73242, 0.79346, 10.37598
375, -0.01965, 0.13318, 0.98132, 1.40381, 0.73242, 8.66699
392, -0.00513, 0.13721, 0.97644, 1.52588, 0.18311, 2.86865
409, -0.02222, 0.22498, 0.97620, 1.52588, 0.12207, -1.28174
426, -0.04663, 0.17810, 0.97791, 3.35693, 0.61035, -8.54492
443, -0.05615, 0.11145, 0.97571, 2.19727, 0.85449, -14.58740
460, -0.07031, 0.10950, 0.97461, 1.95312, 0.48828, -16.66260
477, -0.07178, 0.12073, 0.96094, 2.50244, -0.18311, -19.47021
494, -0.13708, 0.06592, 0.96948, 3.05176, 0.30518, -20.44678
511, -0.18469, 0.06030, 0.97449, 0.79346, 0.91553, -19.40918
528, -0.20203, -0.05811, 0.97449, 2.44141, 0.12207, -21.24023
545, -0.23181, -0.04260, 0.97986, 1.77002, 0.24414, -17.15088
562, -0.20593, -0.10547, 0.98132, 0.54932, 1.15967, -14.28223
579, -0.24414, -0.09192, 0.97229, 1.77002, 0.97656, -7.26318
596, -0.28247, 0.00671, 0.97534, 3.84521, 0.91553, -7.38525
613, -0.24890, -0.08826, 0.97839, 2.68555, 0.36621, -17.39502
630, -0.28027, -0.13501, 0.98828, -0.06104, 0.24414, -16.72363
647, -0.25171, -0.11658, 0.96924, 0.00000, 0.24414, -13.18359
664, -0.25439, -0.15625, 0.97754, -1.03760, -0.30518, -10.62012
681, -0.26770, -0.21484, 0.97888, -0.12207, 0.42725, -10.25391
698, -0.22534, -0.26074, 0.98206, 0.00000, 1.58691, -10.13184
715, -0.26697, -0.27747, 0.97729, 2.19727, 1.03760, -9.70459
732, -0.23120, -0.33325, 0.95947, -0.79346, 1.52588, -8.54492
749, -0.17322, -0.36438, 0.97900, -2.38037, 1.70898, -5.12695
766, -0.10852, -0.39417, 0.97974, 0.48828, 2.07520, -6.53076
783, -0.06458, -0.42224, 0.98657, 0.30518, 1.40381, -4.39453
800, -0.04675, -0.42615, 0.96643, 0.18311, 0.36621, 3.17383
817, 0.00391, -0.41052, 0.98401, 1.64795, -0.54932, 12.81738
834, 0.11108, -0.31799, 0.98462, 1.64795, 0.48828, 24.47510
851, 0.18555, -0.20166, 0.97717, 2.13623, 2.62451, 34.24072
868, 0.19177, -0.04224, 0.96606, -2.13623, 1.46484, 42.78564
885, 0.24976, 0.11072, 0.96814, -2.07520, 0.73242, 44.61670
902, 0.31628, 0.25708, 0.97449, -0.54932, 0.73242, 41.56494
919, 0.34827, 0.32605, 0.97217, -0.73242, 0.61035, 34.72900
936, 0.40430, 0.39111, 0.97119, -0.36621, 0.67139, 28.80859
953, 0.45813, 0.55139, 0.97424, 0.30518, 1.09863, 22.03369
970, 0.53149, 0.80847, 0.97339, 1.03760, 1.03760, 15.99121
987, -0.00684, 0.00513, 0.97766, 4.02832, -0.48828, 1.70898
1004, 0.08936, 0.15918, 0.97449, 5.24902, -2.07520, 8.54492
1021, 0.10986, 0.14026, 0.97571, 1.95312, 1.03760, 54.01611
1038, -0.02588, 0.19263, 0.97461, 2.50244, 0.85449, 52.61230
1055, -0.03625, 0.36414, 0.97412, 2.50244, 1.15967, 31.61621
1072, -0.05688, 0.31372, 0.97327, 1.89209, 0.73242, 2.56348
1089, -0.07568, 0.26086, 0.97363, 1.09863, -0.06104, -5.31006
1106, -0.07507, 0.23816, 0.97534, 2.01416, 0.30518, -8.30078
1123, -0.12988, 0.23645, 0.97400, 2.86865, 0.48828, -12.14600
1140, -0.16602, 0.19128, 0.97571, 5.06592, 0.24414, -22.15576
1157, -0.20068, 0.13098, 0.97241, 4.15039, -0.79346, -39.18457
1174, -0.22583, 0.09326, 0.97192, -1.34277, -0.48828, -44.79980
1191, -0.30591, -0.08350, 0.98572, -1.58691, -0.06104, -48.64502
1208, -0.27661, -0.09851, 0.97253, 2.07520, -0.18311, -41.01563
1225, -0.28662, -0.09448, 0.96838, 1.64795, -0.24414, -42.60254
1242, -0.26489, -0.20190, 0.96790, 1.09863, 0.30518, -41.68701
1259, -0.24841, -0.18494, 0.97534, -2.74658, 1.40381, -32.10449
1276, -0.22729, -0.19482, 0.96826, 0.18311, 1.03760, -30.15137
1293, -0.19531, -0.20056, 0.98181, 2.86865, 0.73242, -29.29688
1310, -0.16333, -0.23413, 0.96204, 6.34766, 0.24414, -26.91650
1327, -0.16663, -0.22534, 0.96643, 0.54932, 1.09863, -23.31543
1344, -0.10303, -0.26477, 0.98059, -0.42725, 1.28174, -19.89746
1361, -0.13354, -0.24243, 0.97424, 0.61035, 1.09863, -18.85986
1378, -0.09351, -0.28662, 0.97156, 1.09863, 0.42725, -17.76123
1395, -0.07080, -0.35510, 0.97119, 0.06104, 0.18311, -14.70947
1412, -0.05725, -0.36829, 0.96924, 0.61035, 0.48828, -8.48389
1429, 0.00867, -0.34912, 0.97742, -1.64795, 0.85449, -1.70898
1446, -0.02942, -0.29126, 0.97168, -2.31934, 0.24414, 5.12695
1463, -0.00879, -0.29004, 0.97241, -2.13623, 0.85449, 4.94385
1480, 0.01611, -0.33838, 0.97705, -2.13623, 1.09863, 6.04248
1497, 0.01428, -0.32129, 0.96802, 2.56348, -0.24414, 12.08496
1514, 0.06592, -0.25793, 0.97778, -0.97656, 1.03760, 16.90674
1531, 0.12012, -0.21973, 0.97900, 1.52588, 3.35693, 24.96338
1548, 0.13184, -0.13062, 0.97827, 2.50244, 3.66211, 34.17969
1565, 0.15405, -0.05750, 0.98120, -3.54004, 0.30518, 39.79492
1582, 0.18799, -0.05603, 0.97119, -3.23486, -0.12207, 39.12354
1599, 0.27869, -0.04675, 0.98047, 9.27734, 1.89209, 34.05762
1616, 0.27649, -0.08081, 0.97693, 6.34766, 1.58691, 36.98730
1633, 0.29395, -0.04736, 0.96387, 2.68555, 2.38037, 45.16602
1650, 0.30066, 0.08301, 0.98437, 3.35693, 1.89209, 46.93604
1667, 0.29407, 0.05798, 0.97266, -6.53076, 0.36621, 41.87012
1684, 0.23303, 0.03943, 0.97693, -5.18799, -0.24414, 45.28809
1701, 0.22168, 0.05652, 0.97192, -0.67139, 0.12207, 39.85596
1718, 0.20679, -0.03479, 0.97791, 3.96729, 0.79346, 41.32080
1735, 0.18994, -0.02405, 0.98218, 3.90625, 1.28174, 46.20361
1752, 0.16101, -0.02332, 0.97192, 2.80762, 0.91553, 46.63086
1769, 0.14001, 0.08179, 0.98596, 1.22070, -0.24414, 48.70605
1786, 0.10974, 0.15332, 0.97388, -0.85449, 0.91553, 45.41016
1803, 0.15076, 0.15906, 0.96973, 0.85449, 0.18311, 40.34424
1820, 0.10522, 0.15088, 0.97839, 4.51660, 0.97656, 35.33936
1837, 0.04211, 0.17749, 0.97583, -0.36621, 0.24414, 29.72412
1854, -0.00220, 0.16858, 0.97656, 0.85449, -1.22070, 22.88818
1871, -0.03918, 0.19177, 0.96863, -0.42725, -0.30518, 16.66260
1888, -0.09277, 0.14294, 0.97083, -1.22070, 0.36621, 12.63428
1905, -0.17456, 0.16577, 0.97351, 1.64795, 0.73242, 8.05664
1922, -0.19214, 0.15039, 0.97742, 1.22070, 0.48828, 1.77002
1939, -0.24414, 0.12903, 0.97021, 1.77002, 0.67139, 2.01416
1956, -0.25342, 0.11206, 0.97375, 1.77002, 0.79346, -0.54932
1973, -0.25891, 0.06250, 0.97656, 1.77002, 0.73242, -3.35693
1990, -0.24609, 0.06653, 0.97363, 1.40381, 0.79346, -1.95312
2007, -0.23767, 0.04956, 0.97266, 1.89209, 0.67139, -2.92969
2024, -0.20581, 0.01868, 0.97290, 1.40381, 0.79346, -2.74658
2041, -0.16675, 0.00977, 0.97449, 1.09863, 0.30518, -2.31934
2058, -0.13721, 0.01208, 0.97375, 0.91553, 0.24414, -0.54932
2075, -0.14087, 0.02100, 0.97449, 0.91553, 0.24414, 0.91553
2092, -0.11829, 0.01794, 0.97424, 1.28174, 0.42725, 1.52588
2109, -0.04041, -0.00049, 0.97375, 1.89209, 0.36621, 1.03760
2126, -0.01917, -0.00757, 0.97278, 2.19727, 0.61035, 0.91553
2143, -0.01880, -0.00952, 0.97424, 2.01416, 0.48828, 0.85449
2160, -0.01892, -0.00903, 0.97388, 1.77002, 0.61035, 0.85449
2177, -0.01868, -0.00928, 0.97424, 1.52588, 0.48828, 0.79346
2195, -0.01965, -0.00745, 0.97424, 1.28174, 0.54932, 0.79346
2212, -0.01819, -0.00867, 0.97388, 1.83105, 0.61035, 0.91553
2229, -0.02039, -0.00977, 0.97437, 1.95312, 0.67139, 1.09863
2246, -0.02100, -0.01001, 0.97485, 2.07520, 0.85449, 1.28174
2263, -0.02136, -0.01245, 0.97705, 3.29590, 1.58691, 2.38037
in switch loop
2, 0.00415, -0.11572, 0.95996, 2.38037, -2.86865, -3.84521
18, -0.01611, -0.03113, 0.97168, -4.27246, -3.23486, -3.90625
35, -0.02795, -0.00732, 0.97302, -6.77490, -2.19727, -3.90625
52, -0.02063, -0.00867, 0.97693, -3.05176, 1.46484, -2.07520
69, -0.02014, -0.00354, 0.97815, -0.85449, 2.19727, -0.18311
86, -0.01733, -0.00928, 0.97864, 2.50244, 2.19727, 1.46484
103, -0.01416, -0.01318, 0.97778, 4.39453, 1.83105, 2.13623
120, -0.01404, -0.01697, 0.97498, 5.24902, 1.15967, 2.38037
137, -0.01575, -0.02380, 0.97083, 5.00488, 0.97656, 1.83105
154, -0.01416, -0.02209, 0.97339, 2.62451, 0.79346, 1.34277
171, -0.01489, -0.02368, 0.97290, 0.73242, 0.54932, 0.73242
188, -0.01392, -0.01917, 0.97327, -0.30518, 0.67139, 0.12207
205, -0.01184, -0.02246, 0.97217, -0.91553, 0.54932, -0.24414
222, 0.10376, -0.00464, 0.98877, -1.52588, -0.36621, -3.17383
239, 0.08740, -0.02869, 0.95813, 4.33350, -0.79346, -10.74219
256, 0.11255, -0.01758, 0.97144, -0.97656, 1.28174, -5.55420
273, 0.11182, -0.00732, 0.97522, -1.40381, 1.15967, -3.29590
290, 0.09985, -0.01147, 0.97461, -0.91553, 0.12207, -1.46484
307, 0.11243, -0.02051, 0.98462, -0.36621, -1.22070, -1.95312
324, 0.07739, -0.04456, 0.97461, 0.24414, -1.46484, -2.01416
341, 0.10669, -0.05493, 0.97522, -0.54932, -2.44141, -1.46484
358, 0.10217, -0.04968, 0.97388, -0.73242, -1.03760, -1.64795
375, 0.09241, -0.03809, 0.97034, -1.64795, -0.73242, -0.85449
392, 0.15259, -0.05774, 0.97021, -1.46484, -0.06104, 1.64795
409, 0.13550, -0.04944, 0.96863, -0.91553, 0.61035, 6.04248
426, 0.16772, -0.01343, 0.98157, -3.47900, 2.44141, 7.01904
443, 0.15234, -0.02686, 0.97192, 4.76074, 0.36621, 7.32422
460, 0.17822, -0.03296, 0.98352, 5.67627, 2.13623, 6.40869
477, 0.15234, 0.00134, 0.97363, 1.70898, -0.06104, 9.33838
494, 0.16467, -0.01147, 0.97107, -0.97656, 0.91553, 8.36182
511, 0.16858, -0.03931, 0.97925, 1.28174, 1.15967, 7.69043
528, 0.19763, -0.05103, 0.98364, 0.36621, 0.18311, 6.40869
545, 0.05713, 0.01086, 0.96411, 0.18311, -0.06104, 7.14111
562, 0.14709, -0.02771, 0.97778, 1.52588, 0.42725, 2.86865
579, 0.26758, -0.00024, 0.97314, 0.85449, 0.91553, 7.99561
596, 0.17615, -0.00757, 0.97021, 0.97656, 0.48828, 13.00049
613, 0.10889, 0.03430, 0.98193, -1.83105, 0.91553, 16.84570
630, 0.20593, 0.02966, 0.96057, 2.99072, -0.97656, 14.46533
647, 0.14319, 0.08057, 0.97314, 0.24414, -0.48828, 8.85010
664, 0.10632, 0.03503, 0.97351, 1.77002, -0.97656, 0.36621
681, 0.07397, 0.00964, 0.98132, 1.09863, 0.00000, -3.35693
698, 0.00562, -0.01892, 0.97327, 2.01416, 0.36621, -7.08008
715, -0.03235, -0.02222, 0.97791, 1.64795, 0.24414, -4.15039
732, -0.06812, 0.05518, 0.98608, 0.79346, 0.30518, -2.62451
749, -0.11133, 0.08215, 0.97888, 1.89209, 1.15967, -5.98145
766, -0.17383, 0.07275, 0.97888, 3.17383, -1.58691, -10.25391
783, -0.22046, -0.00598, 0.98096, 1.40381, -0.36621, -11.35254
800, -0.22876, -0.03284, 0.95679, 2.80762, -0.48828, -10.43701
817, -0.43774, -0.11731, 0.96655, 0.18311, 0.24414, -7.81250
834, -0.30908, 0.06934, 0.98218, 2.44141, 0.18311, -8.72803
851, -0.29126, -0.02014, 0.97375, 1.03760, 0.79346, -9.52148
868, -0.29175, 0.00244, 0.98376, 1.77002, 0.36621, -12.32910
885, -0.40051, -0.02380, 0.97510, 1.83105, 0.18311, -9.88770
902, -0.44250, -0.07654, 0.97754, 2.80762, -0.30518, -15.74707
919, -0.42981, -0.09863, 0.97253, 1.95312, -0.12207, -16.96777
936, -0.46069, -0.11023, 0.97021, 0.97656, -0.30518, -19.83643
953, -0.43774, -0.09583, 0.97278, 0.48828, 0.42725, -21.66748
970, -0.44824, -0.00745, 0.97083, 0.42725, 0.30518, -23.31543
987, -0.31750, 0.09094, 0.97424, 0.30518, 0.61035, -23.01025
1004, -0.07764, 0.08752, 0.97510, 0.18311, 1.34277, -13.85498
1021, -0.03528, -0.00732, 0.97803, 1.03760, 1.64795, -0.18311
1038, -0.81604, -0.21741, 0.97021, 3.78418, 0.91553, 0.48828
1055, -0.36475, -0.20605, 0.97437, 4.88281, -0.42725, -10.74219
1072, -0.42322, -0.25586, 0.95825, 3.60107, -0.30518, -10.62012
1089, -0.34436, -0.30640, 0.96155, -1.03760, 0.67139, -6.16455
1106, -0.29175, -0.26001, 0.96484, -1.64795, 0.73242, 2.19727
1123, -0.28455, -0.26990, 0.96973, -0.79346, 1.52588, 5.37109
1140, -0.20105, -0.18347, 0.98108, 2.25830, 0.73242, 8.60596
1157, -0.19446, -0.19495, 0.97595, 2.44141, 0.79346, 13.00049
1174, -0.17700, -0.22839, 0.96790, -2.44141, 1.03760, 18.98193
1191, -0.16174, -0.15894, 0.97485, 1.52588, 1.64795, 27.16064
1208, -0.11096, -0.17407, 0.97375, -1.77002, 0.61035, 29.05273
1225, -0.12500, -0.15564, 0.96301, -0.97656, 1.52588, 34.36279
1242, -0.05750, -0.12256, 0.97583, -1.28174, 3.05176, 40.10010
1259, -0.06750, -0.02429, 0.97827, -0.42725, 0.85449, 47.42432
1276, -0.02026, -0.02234, 0.98157, 2.13623, 0.91553, 47.36328
1293, 0.02258, 0.03174, 0.98376, 2.07520, 1.15967, 45.89844
1310, 0.03357, -0.02686, 0.97839, 2.50244, 2.80762, 48.27881
1327, 0.05371, -0.07751, 0.98743, -1.34277, 0.91553, 51.39160
1344, 0.07373, -0.05652, 0.97681, 2.86865, -0.54932, 54.56543
1361, 0.07690, 0.04163, 0.97632, -0.97656, 0.36621, 51.69678
1378, 0.11279, 0.07678, 0.98401, -2.01416, 0.24414, 50.23193
1395, 0.11157, 0.11731, 0.99963, 3.29590, 1.09863, 49.74365
1412, 0.15674, 0.10229, 0.96790, 9.88770, 0.97656, 44.86084
1429, 0.18286, 0.27710, 0.96338, -2.07520, 3.23486, 42.35840
1446, 0.23462, 0.30786, 0.98181, 1.40381, 1.89209, 40.58838
1463, 0.29785, 0.52014, 1.00415, 6.46973, 1.95312, 32.89795
1480, 0.26367, 0.43884, 0.96387, 25.51270, -5.98145, 22.76611
1497, 0.36047, 0.62158, 0.98035, 15.68604, -2.68555, 18.79883
1514, 0.36316, 0.60486, 0.97375, 7.14111, -0.54932, 8.97217
1531, -0.01160, -0.00928, 0.97571, 2.80762, 1.09863, 2.50244
1548, -0.07825, 0.12195, 0.97351, 2.56348, 0.30518, 8.66699
1565, -0.00317, 0.08447, 0.97498, -0.30518, 0.18311, 36.43799
1582, -0.00488, 0.09827, 0.98291, -1.70898, 0.36621, 49.74365
1599, -0.01233, 0.23413, 0.98035, 0.61035, 0.85449, 52.24609
1616, -0.04724, 0.34924, 0.96106, -1.95312, 1.28174, 32.71484
1633, -0.04211, 0.19336, 0.98669, -10.92529, 3.41797, 8.36182
1650, -0.07288, 0.21362, 0.97400, -7.56836, 3.72314, 1.22070
1667, -0.04834, 0.17432, 0.99890, 1.64795, 0.00000, -11.04736
1684, -0.05713, 0.12537, 0.95459, 13.79395, -3.60107, -16.23535
1701, -0.06067, 0.09851, 0.97339, 2.50244, -2.62451, -16.41846
1718, -0.08032, 0.17639, 0.97742, -9.82666, -0.42725, -9.88770
1735, -0.05493, 0.18408, 0.97998, -9.46045, 1.34277, -18.85986
1752, -0.05823, 0.09729, 1.00122, -11.59668, 2.19727, -18.67676
1769, -0.09155, 0.11108, 0.99097, -1.77002, 2.07520, -15.44189
1786, -0.07178, 0.17737, 0.98535, 5.37109, 0.85449, -19.10400
1803, -0.07727, 0.09106, 0.96570, 3.84521, -0.85449, -29.60205
1820, -0.05786, 0.20410, 0.97876, -3.41797, 0.30518, -31.61621
1837, -0.05151, 0.06702, 0.97949, -3.54004, 0.61035, -45.83740
1854, -0.07300, 0.00879, 0.96814, -2.74658, 0.79346, -44.98291
1871, -0.04248, 0.03760, 0.98792, -1.46484, 1.34277, -43.27393
1888, -0.06250, 0.03894, 0.95740, 8.60596, -0.67139, -47.36328
1905, -0.01721, 0.14319, 0.97949, -0.42725, 3.05176, -45.10498
1922, -0.05957, -0.00146, 0.98792, 4.63867, 0.67139, -56.51855
1939, -0.06665, -0.10474, 0.97424, -2.07520, -0.24414, -53.52783
1956, -0.03687, -0.09387, 0.98230, -5.79834, 1.15967, -40.03906
1973, -0.03064, -0.05347, 0.97534, 3.29590, 0.42725, -35.70557
1990, -0.00244, -0.02197, 0.97388, 0.73242, 0.36621, -35.03418
2007, -0.04150, -0.02368, 0.98169, -5.18799, 2.01416, -37.96387
2024, -0.05713, -0.12524, 0.97388, -0.36621, 1.64795, -47.18018
2041, -0.10205, -0.27490, 0.98010, 6.04248, 1.09863, -45.34912
2058, -0.07349, -0.28491, 0.96704, 3.17383, -0.61035, -33.02002
2075, -0.01172, -0.28979, 0.97461, -5.12695, -0.67139, -20.38574
2092, -0.03772, -0.23242, 0.98181, -6.59180, 0.00000, -12.02393
2109, -0.03247, -0.18152, 0.97778, -4.82178, 0.91553, -19.47021
2126, -0.03162, -0.25061, 0.97424, -1.83105, 1.40381, -25.87891
2143, -0.12622, -0.37036, 0.97729, -1.77002, 0.42725, -22.94922
2160, -0.03992, -0.56274, 0.97327, 2.19727, 0.79346, -10.86426
2177, -0.08435, -0.43982, 0.96729, 8.05664, -0.12207, 44.31152
2194, 0.01550, -0.05859, 0.97278, -0.61035, 2.25830, 39.91699
2211, 0.01685, -0.00562, 0.97437, 0.97656, 2.07520, 4.57764
2228, -0.01367, -0.00305, 0.97375, 0.91553, 0.67139, 0.54932
2245, -0.01416, -0.00464, 0.97449, 1.22070, -0.36621, -0.30518
2262, -0.00146, -0.01624, 0.97534, 1.95312, -0.85449, -8.48389
2279, -0.01611, -0.00745, 0.97351, 2.38037, 0.00000, -12.20703
2296, -0.02063, -0.00867, 0.97437, 1.46484, 0.00000, -11.16943
2313, -0.02234, -0.00635, 0.97498, 1.28174, 0.30518, -8.48389
2330, -0.02441, -0.00439, 0.97388, 1.70898, 0.36621, -5.37109
2347, -0.01794, -0.00696, 0.97437, 1.28174, 0.42725, -2.62451
2364, -0.01892, -0.00732, 0.97375, 1.83105, 0.48828, -1.95312
2381, -0.01880, -0.00806, 0.97375, 1.09863, 0.97656, -0.61035
2398, -0.01660, -0.00684, 0.97449, 1.22070, 0.79346, -0.30518
2415, -0.01672, -0.00781, 0.97314, 1.40381, 0.73242, -0.36621
2432, -0.01563, -0.00867, 0.97388, 1.40381, 0.30518, -0.12207
2449, -0.01538, -0.00867, 0.97388, 1.64795, 0.30518, -1.15967
2466, -0.01477, -0.00928, 0.97388, 1.58691, 0.24414, -2.25830
2483, -0.01404, -0.01050, 0.97595, 1.64795, 0.48828, -3.96729
2500, -0.01770, -0.00940, 0.97424, 1.09863, 0.30518, -4.39453
2517, -0.01917, -0.00818, 0.97363, 1.03760, 0.48828, -2.56348
2534, -0.01868, -0.00671, 0.97571, 1.03760, 0.36621, 0.12207
2551, -0.01697, -0.00879, 0.97400, 1.09863, 0.30518, 0.42725
2568, -0.01746, -0.00903, 0.97546, 1.46484, 0.36621, 0.54932
2585, -0.01501, -0.00842, 0.97412, 1.34277, 0.61035, 0.67139
2602, -0.01855, -0.01111, 0.97522, 1.15967, 0.91553, 0.48828
in switch loop
2, -0.02319, -0.01416, 0.97571, 1.64795, -0.18311, 0.73242
19, -0.02368, -0.01953, 0.96765, 1.09863, 0.12207, 0.73242
36, -0.02332, -0.01318, 0.97351, 1.46484, 0.00000, 0.85449
53, -0.02246, -0.01221, 0.97620, 1.89209, -0.06104, 0.85449
70, -0.02246, -0.01587, 0.97351, 1.40381, 0.12207, 0.91553
87, -0.02283, -0.01514, 0.97375, 0.91553, 0.42725, 0.91553
104, -0.02405, -0.01306, 0.97339, 0.48828, 0.30518, 0.67139
121, -0.02209, -0.01343, 0.97485, 0.54932, 0.61035, 0.67139
138, -0.02173, -0.01343, 0.97424, 0.48828, 0.48828, 0.54932
155, -0.02295, -0.01282, 0.97485, 0.42725, 0.42725, 0.54932
172, -0.02307, -0.01233, 0.97437, 0.73242, 0.61035, 0.67139
189, -0.02283, -0.01184, 0.97449, 0.54932, 0.61035, 0.61035
206, -0.02283, -0.01221, 0.97449, 0.48828, 0.48828, 0.67139
223, -0.02295, -0.01208, 0.97412, 1.09863, 0.48828, 0.67139
240, -0.02380, -0.01123, 0.97498, 0.97656, 0.48828, 0.73242
257, -0.02271, -0.01172, 0.97546, 1.03760, 0.73242, 0.73242
274, -0.02283, -0.00806, 0.97485, 1.40381, 0.54932, 0.85449
291, -0.02356, -0.01233, 0.97498, 1.64795, 0.42725, 0.91553
308, -0.02222, -0.01636, 0.97375, 1.40381, 0.61035, 0.61035
325, -0.05603, -0.01099, 0.97815, 1.09863, 0.54932, 0.67139
342, -0.22803, -0.19763, 0.98596, 0.79346, 0.61035, -0.48828
359, -0.30530, -0.13672, 0.97546, 2.25830, -0.30518, -13.85498
376, -0.34094, -0.21045, 0.96887, 0.18311, 0.24414, -12.02393
393, -0.31653, -0.28345, 0.97021, 0.12207, 0.48828, -8.60596
410, -0.26038, -0.22607, 0.98315, -0.61035, 0.61035, -0.24414
427, -0.18701, -0.17847, 0.97424, 0.54932, 1.03760, 5.49316
444, -0.19238, -0.17236, 0.97595, 0.30518, 0.97656, 13.36670
461, -0.18774, -0.17200, 0.96826, 2.44141, 0.48828, 17.63916
478, -0.12378, -0.10693, 0.97668, 1.95312, 0.18311, 23.98682
495, -0.15125, -0.09875, 0.96265, 0.48828, -0.12207, 29.96826
512, -0.10425, -0.05859, 0.95972, 0.18311, 0.48828, 29.17480
529, -0.09009, -0.04138, 0.97205, 6.65283, 1.09863, 29.78516
546, -0.05127, -0.07959, 0.96301, -1.15967, 2.86865, 30.27344
563, -0.03149, 0.00208, 0.97559, 0.00000, 1.28174, 36.31592
580, 0.04675, 0.03796, 1.01367, 1.64795, 1.83105, 31.37207
597, 0.05811, -0.03174, 0.98767, 12.93945, -0.18311, 31.18896
614, 0.06421, -0.02124, 0.93591, 10.43701, 0.48828, 32.89795
631, 0.24622, 0.10938, 1.04443, -4.27246, 0.54932, 31.00586
648, 0.16357, 0.21997, 1.00220, -13.36670, -0.54932, 33.38623
665, 0.17810, 0.17456, 0.94373, 2.31934, -1.28174, 24.53613
682, 0.19580, 0.17126, 0.98572, 7.14111, -2.50244, 21.60645
699, 0.23425, 0.28015, 0.97021, -0.24414, -3.41797, 18.85986
716, 0.28467, 0.37866, 0.97852, 5.49316, -2.31934, 19.34814
733, 0.32458, 0.41809, 0.97522, 4.02832, -1.22070, 14.95361
750, 0.31897, 0.34106, 0.97327, 2.01416, -0.36621, 10.49805
767, 0.11694, 0.14368, 0.97571, 6.28662, 1.40381, 9.82666
784, -0.01477, 0.11401, 0.97620, 16.17432, 4.02832, 19.53125
801, -0.03503, 0.07666, 0.97266, 10.62012, 4.02832, 39.30664
818, -0.02979, 0.05359, 0.97083, 4.08936, 3.17383, 54.44336
835, -0.07312, 0.05396, 0.97485, 1.64795, 3.29590, 64.27002
852, -0.11548, 0.25574, 0.98059, -2.07520, 2.31934, 54.62646
869, -0.05811, 0.11633, 0.97791, -4.02832, 2.31934, 29.11377
886, -0.07654, 0.10168, 0.98376, -3.96729, 3.47900, 40.34424
903, -0.07642, 0.21814, 0.98486, -4.69971, 3.78418, 31.73828
920, -0.02197, 0.20691, 0.99438, -2.07520, 2.19727, 16.41846
937, -0.05835, 0.14990, 0.98328, 7.81250, -0.54932, 0.61035
954, -0.05188, 0.16687, 0.97900, 16.90674, -3.54004, -0.12207
971, -0.02490, 0.19958, 0.95117, 0.97656, -2.07520, -8.11768
988, -0.08044, 0.25671, 0.96582, -5.49316, -0.18311, -12.32910
1005, -0.06787, 0.16528, 1.00818, -5.73730, -0.36621, -21.54541
1022, -0.07520, 0.21204, 0.99133, -2.62451, 1.15967, -22.94922
1039, -0.06946, 0.21777, 0.97278, 2.38037, 0.91553, -31.61621
1056, -0.06982, 0.18982, 0.96448, 7.93457, 0.61035, -42.35840
1073, -0.06384, 0.08630, 0.98364, -0.85449, 1.15967, -37.04834
1090, -0.08362, 0.20276, 0.94690, 1.70898, 0.54932, -42.29736
1107, -0.06079, 0.11218, 0.99976, 0.42725, 0.36621, -46.75293
1124, -0.04956, 0.08069, 0.96606, 6.89697, -1.03760, -50.59814
1141, -0.01990, 0.01721, 0.95752, 2.50244, 3.17383, -50.23193
1158, -0.05176, -0.11292, 0.97766, -3.60107, 1.15967, -51.94092
1175, -0.05676, -0.09680, 0.97571, 4.15039, 2.19727, -52.00195
1192, -0.06030, -0.33423, 0.96704, 1.83105, -0.30518, -54.68750
1209, -0.08923, -0.32288, 0.98315, -2.80762, -0.12207, -36.62109
1226, -0.10046, -0.22253, 0.94421, 7.32422, 1.28174, -35.76660
1243, -0.03784, -0.47485, 0.96411, -2.19727, 1.52588, -44.73877
1260, -0.00549, -0.69727, 0.97937, -5.85937, 1.34277, -35.27832
1277, 0.00354, -0.76746, 0.98413, 0.91553, -0.06104, -20.01953
1294, 0.05627, -0.66602, 0.95801, 10.98633, 0.00000, -6.89697
1311, 0.14355, -0.51685, 0.93787, 6.10352, 0.24414, 1.83105
1328, 0.00244, -0.11499, 0.91345, -11.65771, 0.54932, -0.91553
1345, 0.05090, -0.12134, 1.04761, -28.62549, 2.44141, -20.44678
1362, 0.19678, -0.22290, 0.98364, -2.92969, -0.18311, -56.57959
1379, 0.34155, -0.28552, 0.97217, 1.46484, -0.97656, -69.58008
1396, 0.24915, -0.21558, 0.97974, 0.67139, 0.61035, -36.37695
1413, 0.17188, -0.15161, 0.98083, 2.19727, 0.12207, -9.82666
1430, 0.14734, -0.09045, 0.97717, 3.29590, -0.42725, -8.85010
1447, 0.16406, -0.12512, 0.98071, 2.56348, -0.24414, -9.76562
1464, 0.14355, -0.15698, 0.96899, 0.42725, 0.42725, 0.00000
1481, 0.14075, -0.13098, 0.96521, 1.09863, 0.42725, 5.06592
1498, 0.16833, -0.08789, 0.96802, 2.19727, 0.24414, 0.73242
1515, 0.15686, -0.08350, 0.96936, 1.95312, 0.24414, 0.48828
1532, 0.13977, -0.02258, 0.97546, 1.28174, 0.42725, 6.83594
1549, 0.17090, 0.00269, 0.97253, 2.50244, 1.77002, 7.38525
1566, 0.09534, 0.09827, 0.98657, 1.58691, 0.73242, 12.39014
1582, 0.10388, 0.09753, 0.97131, 2.38037, 0.18311, 11.65771
1599, 0.08960, 0.16016, 0.97986, 0.30518, 0.79346, 11.16943
1616, 0.04553, 0.12061, 0.98230, 0.91553, 0.42725, 8.42285
1633, -0.05481, 0.10754, 0.99194, -0.97656, 0.00000, 2.07520
1650, -0.09985, 0.08105, 0.98083, 2.01416, 1.52588, 3.72314
1667, -0.17773, 0.09766, 0.96960, 1.09863, 0.12207, 0.18311
1684, -0.20801, 0.11499, 0.97437, 0.54932, -0.12207, 4.39453
1701, -0.24133, 0.12769, 0.97583, 1.89209, 0.00000, 1.40381
1718, -0.25000, 0.08374, 0.97314, 2.50244, 0.73242, -2.80762
1735, -0.33411, 0.04736, 0.96924, 1.03760, 0.48828, -4.08936
1752, -0.38855, 0.00867, 0.96606, 0.54932, 0.97656, -0.73242
1769, -0.42822, 0.00732, 0.97888, 1.03760, 0.91553, 0.36621
1786, -0.41809, 0.00708, 0.97131, 1.15967, 0.00000, -0.36621
1803, -0.45215, 0.05090, 0.97266, 1.83105, 0.00000, -2.19727
1820, -0.19995, 0.04004, 0.96924, 1.70898, 0.67139, 0.73242
1837, -0.08081, 0.03674, 0.98193, 3.29590, 1.15967, 1.89209
1854, -0.50110, -0.02698, 0.97998, 0.61035, 2.31934, 46.32568
1871, -0.51001, -0.01978, 0.96326, 1.77002, 1.83105, 60.30273
1888, -0.50122, -0.02051, 0.97327, 0.85449, 1.40381, 38.08594
1905, -0.42859, -0.03857, 0.97241, 1.34277, 0.79346, 11.04736
1922, -0.30164, -0.05920, 0.97900, 0.00000, 1.22070, 6.34766
1939, -0.37280, -0.01550, 0.97314, -0.73242, 1.34277, 9.39941
1956, -0.22156, -0.00684, 0.96838, 0.67139, 2.01416, 10.00977
1973, -0.21558, 0.06409, 0.97681, 0.06104, 1.64795, 15.44189
1990, -0.20557, 0.06482, 0.97058, 1.03760, 1.28174, 14.28223
2007, -0.16248, 0.05066, 0.96875, 2.19727, 0.79346, 14.70947
2024, -0.08533, 0.05054, 0.97754, 1.46484, 0.79346, 15.56396
2041, -0.08301, 0.01184, 0.97510, 1.40381, 0.36621, 14.46533
2058, -0.06677, -0.00818, 0.97473, 1.15967, -0.30518, 14.64844
2075, -0.07507, 0.00562, 0.97949, 1.58691, 0.36621, 14.22119
2092, -0.01819, -0.03577, 0.97607, 2.31934, -0.54932, 9.21631
2109, 0.01904, -0.04810, 0.97205, 1.28174, 0.00000, 11.16943
2126, 0.00354, -0.03796, 0.97913, 0.79346, -0.18311, 13.42773
2143, 0.02563, 0.00061, 0.97961, 1.70898, 0.30518, 13.00049
2160, 0.05017, 0.00159, 0.97388, 1.89209, 0.18311, 10.68115
2177, 0.04456, -0.00122, 0.97302, 1.70898, 0.48828, 7.75146
2194, 0.06860, -0.03369, 0.97144, 2.86865, 0.85449, 5.79834
2211, 0.10449, -0.04297, 0.98340, 2.07520, 0.85449, 5.24902
2228, 0.09583, -0.01880, 0.97705, 2.13623, 0.18311, 5.43213
2245, 0.09875, 0.00391, 0.98511, 1.89209, 0.97656, 7.14111
2261, 0.09924, -0.00854, 0.96826, 2.44141, 0.42725, 7.26318
2278, 0.08081, 0.00159, 0.97437, 1.34277, 0.61035, 6.53076
2295, 0.12085, -0.02686, 0.97583, 0.48828, 0.24414, 1.09863
2312, 0.14160, -0.04980, 0.97864, 0.91553, 0.36621, -2.56348
2329, 0.13928, -0.04602, 0.97693, 1.28174, 0.42725, -2.68555
2346, 0.14490, -0.01965, 0.97351, 2.01416, 0.54932, -0.61035
2363, 0.17700, -0.01807, 0.97327, 3.54004, 0.36621, 1.58691
2380, 0.19727, -0.00879, 0.97717, 0.79346, 0.36621, 3.11279
2397, 0.20459, -0.01807, 0.97668, 1.46484, 0.36621, 2.44141
2414, 0.18994, -0.02100, 0.97034, 2.68555, 0.48828, 2.74658
2431, 0.18542, -0.01245, 0.97998, 0.91553, 0.73242, 2.74658
2448, 0.15759, -0.02197, 0.96924, 1.34277, 0.48828, 1.40381
2465, 0.16797, -0.02881, 0.97864, 0.42725, 0.48828, 0.18311
2482, 0.15894, -0.02417, 0.97803, 0.30518, 0.24414, 0.54932
2499, 0.15771, -0.02014, 0.97742, 0.36621, 0.54932, 1.22070
2516, 0.18347, -0.02246, 0.97449, 0.79346, 0.73242, 2.19727
2533, 0.13159, -0.02795, 0.97607, 0.61035, 0.54932, 2.25830
2550, 0.00269, -0.02698, 0.97400, -15.50293, 0.18311, 0.67139
2567, -0.01855, -0.02112, 0.97595, -0.42725, 0.12207, 0.54932
2584, -0.02075, -0.01929, 0.97510, -0.18311, 0.00000, 0.42725
2601, -0.02100, -0.01892, 0.97437, 0.00000, 0.12207, 0.42725
2618, -0.01990, -0.01892, 0.97327, 0.42725, 0.36621, 0.61035
2635, -0.02148, -0.01941, 0.97302, 0.36621, 0.79346, 0.73242
2652, -0.01929, -0.01855, 0.97559, 0.24414, 0.91553, 0.79346
2669, -0.02039, -0.01880, 0.97498, 0.36621, 1.09863, 0.79346
2686, -0.02026, -0.01868, 0.97595, 0.73242, 0.97656, 0.67139
2703, -0.01892, -0.01953, 0.97449, 0.73242, 0.79346, 0.85449
2720, -0.01917, -0.01807, 0.97473, 0.97656, 0.61035, 0.79346
2737, -0.01819, -0.01831, 0.97620, 1.09863, 0.61035, 0.79346
2754, -0.01831, -0.02014, 0.97437, 0.85449, 0.48828, 0.67139
2771, -0.01868, -0.01917, 0.97461, 0.67139, 0.67139, 0.79346
2788, -0.01843, -0.01880, 0.97729, 0.54932, 0.73242, 0.61035
2805, -0.01965, -0.01868, 0.97437, 0.42725, 0.97656, 0.67139
2822, -0.01880, -0.01770, 0.97412, 0.54932, 0.79346, 0.67139
2839, -0.01758, -0.01782, 0.97729, 0.30518, 0.91553, 0.73242
2856, -0.01831, -0.01782, 0.97534, 0.67139, 1.15967, 0.85449
2873, -0.01794, -0.01758, 0.97498, 0.97656, 0.97656, 0.79346
2890, -0.02039, -0.01611, 0.97620, 0.85449, 1.52588, 0.61035
2907, -0.01770, 0.00830, 1.00159, 2.44141, 4.45557, -1.09863
in switch loop
2, -0.02393, -0.01208, 0.97815, 1.52588, 0.00000, 0.42725
18, -0.01904, -0.01147, 0.97620, 1.83105, -0.42725, 0.36621
35, -0.02222, -0.01318, 0.97266, 1.58691, -0.18311, 0.30518
52, -0.02197, -0.01245, 0.97290, 1.28174, -0.06104, 0.30518
69, -0.02271, -0.01270, 0.97424, 0.85449, 0.24414, 0.30518
86, -0.02283, -0.00989, 0.97339, 1.22070, 0.61035, 0.48828
103, -0.02124, -0.01111, 0.97375, 1.15967, 0.67139, 0.67139
120, -0.02209, -0.01221, 0.97449, 1.22070, 0.42725, 0.79346
137, -0.02222, -0.01343, 0.97412, 1.09863, 0.48828, 0.85449
154, -0.02124, -0.01184, 0.97412, 0.85449, 0.54932, 0.61035
171, -0.02100, -0.01184, 0.97363, 0.91553, 0.61035, 0.67139
188, -0.02112, -0.01245, 0.97375, 1.03760, 0.61035, 0.73242
205, -0.02100, -0.01184, 0.97522, 0.79346, 0.42725, 0.73242
222, -0.02087, -0.01306, 0.97363, 0.79346, 0.48828, 0.54932
239, -0.02075, -0.01294, 0.97412, 0.67139, 0.54932, 0.61035
256, -0.01733, -0.03967, 0.97449, 0.42725, 0.42725, 0.00000
273, -0.02344, -0.01416, 0.97363, 0.91553, 0.36621, -8.30078
290, -0.03845, -0.12354, 0.97424, 0.91553, 0.12207, -14.58740
307, -0.02417, -0.04211, 0.97461, 1.46484, -0.12207, -34.05762
324, -0.04443, -0.09888, 0.97266, 1.34277, -0.18311, -37.47559
341, -0.04883, -0.13013, 0.97546, 1.03760, 0.00000, -44.25049
358, -0.01270, -0.25891, 0.97498, 1.22070, -0.06104, -33.14209
375, -0.02625, -0.26807, 0.97375, 1.46484, 0.18311, -14.46533
392, -0.04089, -0.30408, 0.97766, 2.13623, -0.06104, -5.55420
409, -0.05933, -0.28992, 0.97327, 2.68555, -0.12207, -3.29590
426, -0.03455, -0.25464, 0.97241, 1.52588, -0.12207, -0.97656
443, -0.01514, -0.26135, 0.97351, 0.48828, 0.48828, 5.06592
460, -0.02307, -0.13025, 0.97290, 0.48828, 0.00000, 6.89697
477, -0.01355, -0.22510, 0.98242, 2.38037, 0.18311, -0.91553
494, -0.03528, -0.26672, 0.97278, 4.45557, -0.24414, 15.13672
511, -0.00635, -0.28296, 0.96155, 0.73242, 0.30518, 24.23096
528, -0.04529, -0.13550, 0.97229, 1.34277, 1.64795, 35.70557
545, -0.06238, -0.14270, 0.97107, -1.64795, 0.61035, 28.68652
562, -0.05542, -0.11719, 0.97559, -1.15967, 0.91553, 32.89795
579, -0.01721, -0.10376, 0.96582, -0.73242, 0.30518, 29.66309
596, 0.01599, -0.06299, 0.96216, 2.56348, 0.24414, 28.07617
613, 0.03516, 0.04993, 0.97998, 0.85449, 2.01416, 31.31104
630, 0.04346, 0.11646, 0.96631, -1.09863, 0.30518, 25.87891
647, 0.09119, 0.27478, 0.96753, 2.07520, 0.85449, 21.78955
664, 0.08447, 0.39819, 0.97705, 0.48828, 1.03760, 12.26807
680, 0.01965, 0.38940, 0.97424, 1.58691, 0.36621, 1.28174
696, -0.00208, 0.35754, 0.97424, 1.58691, 0.42725, -4.76074
713, -0.03784, 0.26990, 0.97595, 1.40381, 0.24414, -3.96729
730, -0.09998, 0.34363, 0.97400, 0.48828, 0.06104, -3.17383
747, -0.13513, 0.28149, 0.97437, 0.79346, 0.36621, -3.05176
764, -0.16565, 0.30408, 0.97241, 0.79346, -0.12207, 1.83105
781, -0.13049, 0.35815, 0.97278, 0.91553, 0.00000, -0.18311
798, -0.04736, -0.00403, 0.97485, 1.89209, 0.18311, 0.97656
815, -0.28711, -0.04236, 0.97388, 2.01416, 1.03760, 35.88867
832, -0.36072, 0.00366, 0.97180, 1.58691, 0.97656, 57.67822
849, -0.33582, 0.01868, 0.97119, 1.83105, 1.09863, 47.72949
866, -0.30750, -0.01550, 0.97412, 1.09863, 0.85449, 40.16113
883, -0.28906, -0.02026, 0.97083, 0.91553, 0.61035, 32.71484
900, -0.23560, -0.03882, 0.97876, 0.48828, 0.79346, 30.63965
917, -0.20544, -0.03613, 0.97241, 2.19727, 0.00000, 32.22656
934, -0.18530, -0.04651, 0.96594, 2.25830, 0.91553, 32.65381
951, -0.18408, -0.01160, 0.98059, 0.48828, 2.25830, 27.58789
968, -0.16614, -0.03650, 0.97522, 4.15039, 0.73242, 22.52197
985, -0.14160, -0.05029, 0.96680, 2.01416, 1.52588, 14.83154
1002, -0.01599, 0.00098, 0.97827, -0.79346, 1.52588, 15.25879
1019, 0.00354, -0.00159, 0.97461, 0.54932, 0.54932, 17.51709
1036, 0.11462, 0.04175, 0.97668, 2.92969, 0.91553, 16.96777
1053, 0.15710, 0.06116, 0.96802, -0.24414, 0.97656, 16.23535
1070, 0.31384, 0.11096, 0.98340, -1.58691, 1.83105, 18.67676
1087, 0.40808, 0.15674, 0.97937, 0.24414, 1.28174, 16.05225
1104, 0.48950, 0.12354, 0.97913, 0.48828, 0.91553, 14.40430
1120, 0.52271, 0.03015, 0.97644, 1.09863, 1.28174, 12.69531
1137, 0.32312, -0.12854, 0.97522, 2.74658, 1.34277, 21.42334
1154, 0.04993, 0.02014, 0.97461, 2.86865, 0.12207, 22.09473
1170, 0.32751, 0.24927, 0.98035, 0.06104, -0.85449, 22.27783
1187, 0.18591, 0.19165, 0.97607, -0.42725, 0.18311, 23.92578
1204, 0.19141, 0.29224, 0.97888, 1.83105, 0.12207, 22.33887
1220, 0.12463, 0.40747, 0.97534, 4.21143, -0.30518, 19.53125
1237, 0.01367, 0.39880, 0.97351, 2.13623, -0.06104, 2.31934
1254, -0.05872, 0.26855, 0.97375, -2.68555, 0.06104, -6.59180
1271, -0.10706, 0.23425, 0.97656, -0.67139, 0.18311, -7.87354
1288, -0.14368, 0.20898, 0.96094, 7.26318, -1.34277, -12.93945
1305, -0.15503, 0.11133, 0.95630, 6.10352, -0.24414, -19.77539
1322, -0.20654, 0.15308, 0.95642, -4.39453, 0.73242, -23.19336
1339, -0.23437, -0.01111, 0.98169, 12.63428, 0.06104, -23.31543
1356, -0.25891, -0.06128, 0.97375, 2.19727, -0.73242, -25.14648
1373, -0.25830, -0.13940, 0.96240, 5.92041, -0.30518, -17.08984
1390, -0.24194, -0.12378, 0.98889, 3.35693, 1.83105, -3.35693
1407, -0.26221, -0.02454, 0.97815, 8.17871, 0.00000, 0.24414
1424, -0.25647, -0.14917, 0.94080, 7.75146, 0.97656, -1.83105
1441, -0.26367, -0.07483, 0.95435, 2.68555, 2.31934, 8.23975
1458, -0.25537, -0.04309, 0.96497, -0.48828, 0.79346, 0.12207
1475, -0.21204, -0.13892, 0.97766, -2.74658, 1.03760, -12.93945
1492, -0.18982, -0.18005, 0.98669, -6.28662, 2.19727, -10.37598
1509, -0.22595, -0.16418, 0.96790, -0.73242, 0.06104, -9.27734
1526, -0.21289, -0.15271, 0.96155, 3.54004, -0.61035, -12.08496
1543, -0.20471, -0.13477, 0.96704, 2.13623, 0.12207, -12.20703
1560, -0.17700, -0.18677, 0.96741, -1.70898, 0.36621, -15.19775
1577, -0.15417, -0.22668, 0.98596, -5.12695, 1.34277, -15.99121
1594, -0.13196, -0.23401, 0.97998, -1.34277, 1.28174, -14.22119
1611, -0.12207, -0.21362, 0.97534, 1.77002, 1.09863, -13.30566
1628, -0.10278, -0.22534, 0.97754, 1.34277, 1.22070, -14.89258
1645, -0.07361, -0.25403, 0.96643, 3.84521, 1.64795, -14.89258
1662, -0.08826, -0.25623, 0.96899, 1.64795, 1.09863, -10.49805
1679, -0.08948, -0.27930, 0.97009, 0.00000, 1.34277, -6.53076
1696, -0.05005, -0.28162, 0.97070, 0.67139, 0.67139, -2.99072
1713, -0.01636, -0.27588, 0.97070, -0.79346, 1.40381, -0.73242
1730, -0.00098, -0.28894, 0.97192, -0.36621, 0.24414, -0.67139
1747, 0.04663, -0.29663, 0.97363, -2.92969, 0.12207, 0.18311
1764, 0.09509, -0.31067, 0.97766, -0.42725, 0.36621, 1.83105
1781, 0.13135, -0.28821, 0.97217, -3.23486, -0.61035, 7.20215
1798, 0.16736, -0.25867, 0.97449, 1.58691, 0.30518, 7.38525
1815, 0.16528, -0.24463, 0.96838, 4.82178, 0.00000, 8.97217
1832, 0.23840, -0.19080, 0.97351, 0.06104, 1.46484, 6.28662
1849, 0.25403, -0.14087, 0.97986, 0.48828, 0.97656, 6.77490
1866, 0.27930, -0.10889, 0.97144, -0.48828, 0.42725, 6.59180
1883, 0.29712, -0.06018, 0.97974, -0.18311, -0.30518, 17.08984
1900, 0.28760, -0.02710, 0.96826, 1.70898, 0.97656, 23.07129
1917, 0.27148, 0.01404, 0.98840, 6.04248, 2.56348, 27.77100
1933, 0.25830, -0.00500, 0.97192, 4.51660, 1.15967, 32.22656
1950, 0.23486, -0.05042, 0.96851, 2.74658, 0.97656, 34.11865
1967, 0.22852, 0.03540, 0.96912, -5.24902, -0.48828, 29.47998
1984, 0.20215, 0.05249, 0.97058, -5.12695, -0.48828, 30.15137
2001, 0.18445, 0.11304, 0.97473, 0.12207, -0.06104, 29.17480
2018, 0.16772, 0.10913, 0.97888, 2.99072, 0.91553, 25.69580
2035, 0.14819, 0.10181, 0.97546, 1.70898, 0.24414, 30.70068
2052, 0.15332, 0.08545, 0.97864, 2.99072, -0.30518, 31.00586
2069, 0.14014, 0.08594, 0.98035, 2.62451, 0.18311, 29.66309
2085, 0.12231, 0.16284, 0.97217, 1.34277, 0.42725, 27.03857
2101, 0.11267, 0.17297, 0.97461, 2.80762, 0.12207, 20.14160
2117, 0.07483, 0.20129, 0.96985, 2.01416, 0.48828, 15.56396
2134, 0.04968, 0.18677, 0.98071, -0.67139, 0.61035, 17.15088
2151, 0.01160, 0.17603, 0.97644, 0.67139, -0.18311, 13.73291
2168, 0.04065, 0.13855, 0.96301, 1.15967, -0.36621, 9.82666
2185, 0.02429, 0.16528, 0.97375, -0.12207, 0.54932, 8.48389
2202, -0.03906, 0.17749, 0.97656, 1.77002, 0.12207, 7.81250
2219, -0.09521, 0.13867, 0.97034, 1.83105, 0.48828, 3.05176
2236, -0.14575, 0.10193, 0.97375, 0.79346, 0.48828, 1.34277
2253, -0.17102, 0.05383, 0.97498, 0.18311, 0.73242, -1.77002
2270, -0.19312, 0.01660, 0.97620, 0.00000, 0.91553, -4.94385
2287, -0.21570, -0.00049, 0.97424, 0.42725, 1.64795, -5.55420
2304, -0.20654, -0.00806, 0.97156, 1.15967, 0.54932, -4.02832
2321, -0.25110, -0.00037, 0.97021, 0.48828, 0.42725, -2.62451
2338, -0.25012, -0.02075, 0.97571, 1.09863, -15.56396, -3.60107
2355, -0.24756, -0.01843, 0.97620, 1.22070, 0.12207, -3.11279
2372, -0.25635, -0.01880, 0.97083, 0.73242, 0.24414, -2.62451
2389, -0.22876, -0.01184, 0.97339, 0.85449, 0.48828, -2.62451
2406, -0.21960, -0.00623, 0.97119, 1.15967, 0.42725, -3.47900
2423, -0.11206, 0.00891, 0.97437, 0.79346, 0.73242, -2.44141
2440, -0.02271, -0.00659, 0.97449, 0.97656, 0.97656, 0.73242
2457, -0.02002, -0.00903, 0.97534, 2.25830, 0.73242, 0.97656
2474, -0.02100, -0.01099, 0.97522, 2.92969, 0.91553, 1.15967
2491, -0.02283, -0.01294, 0.97656, 3.05176, 1.40381, 1.15967
2508, -0.02966, -0.02051, 0.97644, 3.41797, 2.13623, 6.16455
2525, -0.01501, 0.01062, 1.00171, 4.21143, 3.47900, 10.25391
in switch loop
2, -0.01831, -0.00757, 0.98389, -0.24414, -2.38037, 0.30518
18, -0.02112, -0.01172, 0.97546, 0.61035, -1.52588, 0.24414
35, -0.02185, -0.01074, 0.97498, 0.91553, -0.42725, 0.54932
52, -0.01929, -0.01086, 0.97412, 0.91553, 0.06104, 0.67139
69, -0.02039, -0.00842, 0.97485, 0.79346, 0.24414, 0.48828
86, -0.02087, -0.00940, 0.97510, 1.28174, 0.06104, 0.73242
103, -0.01978, -0.01062, 0.97375, 1.64795, 0.36621, 0.73242
120, -0.02136, -0.01123, 0.97437, 1.52588, 0.48828, 0.79346
137, -0.02112, -0.01331, 0.97461, 1.52588, 0.48828, 0.79346
154, -0.02039, -0.01123, 0.97375, 1.03760, 0.54932, 0.61035
171, -0.02063, -0.01147, 0.97424, 1.03760, 0.67139, 0.73242
188, -0.02014, -0.01123, 0.97400, 1.09863, 0.54932, 0.67139
205, -0.02063, -0.01208, 0.97437, 1.09863, 0.61035, 0.67139
222, -0.01965, -0.01172, 0.97388, 1.09863, 0.30518, 0.79346
239, -0.02051, -0.01099, 0.97363, 1.09863, 0.48828, 0.73242
256, -0.02026, -0.01013, 0.97400, 0.91553, 0.42725, 0.67139
273, -0.02026, -0.01111, 0.97534, 1.03760, 0.42725, 0.79346
290, -0.02051, -0.01074, 0.97424, 1.03760, 0.42725, 0.79346
307, -0.01941, -0.01074, 0.97681, 0.97656, 0.18311, 0.67139
324, -0.01965, -0.01135, 0.97449, 1.22070, 0.24414, 0.85449
341, -0.02051, -0.01184, 0.97375, 1.03760, 0.30518, 0.73242
358, -0.01941, -0.01160, 0.97461, 0.97656, 0.30518, 0.61035
375, -0.02075, -0.01233, 0.97388, 0.97656, 0.36621, 0.73242
392, -0.02100, -0.01172, 0.97437, 0.91553, 0.67139, 0.73242
409, -0.01990, -0.01282, 0.97388, 0.67139, 0.54932, 0.48828
426, -0.02039, -0.01221, 0.97449, 0.67139, 0.48828, 0.48828
443, -0.07532, -0.09644, 0.97437, 0.91553, 0.48828, -3.47900
460, -0.05273, -0.05627, 0.97339, 1.09863, 0.00000, -20.26367
477, -0.07825, -0.12695, 0.97314, 1.09863, 0.24414, -23.74268
494, -0.04810, -0.14856, 0.97412, 1.03760, 0.24414, -28.38135
511, -0.03040, -0.19958, 0.97314, 0.61035, -0.06104, -34.85107
528, -0.02234, -0.31982, 0.97559, 0.79346, 0.06104, -32.04346
545, -0.02783, -0.29919, 0.97363, 1.46484, 0.12207, -19.16504
562, -0.03687, -0.34448, 0.97180, 1.28174, 0.06104, -8.42285
579, -0.05542, -0.34314, 0.97253, 0.36621, 0.54932, 6.28662
596, -0.06763, -0.27698, 0.97375, -0.18311, 0.54932, 17.21191
613, -0.04419, -0.21411, 0.97327, 1.28174, 0.67139, 18.79883
630, -0.04102, -0.22705, 0.97290, 3.54004, 0.36621, 21.05713
647, -0.04700, -0.21240, 0.96863, 1.28174, 0.36621, 24.59717
664, -0.05334, -0.23523, 0.97961, 3.05176, 1.15967, 27.77100
681, -0.04492, -0.16956, 0.97546, -1.70898, 0.36621, 28.38135
698, -0.04236, -0.15442, 0.96814, -1.34277, 0.73242, 25.69580
715, -0.03979, -0.11328, 0.97290, -0.73242, 0.61035, 25.08545
732, -0.02283, -0.06018, 0.97913, -1.52588, 0.67139, 22.46094
749, -0.03809, -0.10754, 0.97278, 1.64795, 1.46484, 22.64404
766, -0.02075, -0.01221, 0.98132, 0.48828, 0.97656, 27.40479
783, -0.04211, -0.00916, 0.96619, 0.85449, -0.24414, 28.38135
800, -0.00232, 0.14404, 0.97852, 2.62451, 0.48828, 33.08105
817, 0.03503, 0.17749, 0.97424, 2.07520, 0.79346, 32.04346
834, 0.00427, 0.33813, 0.97656, 1.28174, 0.67139, 31.92139
851, 0.01233, 0.38196, 0.96790, 1.52588, 0.18311, 26.48926
868, -0.01563, 0.47717, 0.97119, 2.25830, 1.40381, 22.76611
885, -0.03870, 0.45740, 0.97681, 0.12207, 0.79346, 15.68604
902, -0.06421, 0.41357, 0.97705, 1.40381, 0.06104, 10.62012
919, -0.08447, 0.36584, 0.97266, 2.68555, -0.54932, 4.94385
936, -0.10120, 0.29028, 0.97339, 2.01416, 0.06104, 0.00000
953, -0.17468, 0.07275, 0.97522, 1.52588, 0.36621, 8.54492
970, -0.32617, -0.04346, 0.97363, 1.64795, 0.30518, 26.67236
987, -0.32788, 0.00134, 0.97058, 2.38037, 0.18311, 40.10010
1004, -0.30078, 0.06482, 0.97229, 3.35693, 0.30518, 44.37256
1021, -0.30469, 0.06946, 0.97693, 2.44141, 0.18311, 41.44287
1038, -0.30457, 0.02527, 0.97119, 3.23486, -0.24414, 31.86035
1055, -0.24536, -0.04602, 0.96838, 3.78418, 0.06104, 20.56885
1072, -0.22986, -0.04395, 0.96851, 1.15967, 1.09863, 18.85986
1089, -0.13623, -0.02881, 0.97668, -0.48828, 3.05176, 20.69092
1106, -0.14856, -0.00305, 0.97510, 3.47900, 2.56348, 20.87402
1123, -0.15588, 0.03796, 0.95642, 3.35693, 2.38037, 20.62988
1140, -0.10413, 0.03552, 0.97778, -2.62451, 1.58691, 20.32471
1157, 0.01636, 0.01404, 0.98340, 0.79346, 1.34277, 15.50293
1174, 0.01904, -0.01941, 0.98035, 2.92969, 0.06104, 11.35254
1191, 0.08826, -0.00659, 0.96948, 8.72803, 0.30518, 8.42285
1208, 0.13806, 0.02820, 0.96985, -2.01416, 1.22070, 8.72803
1225, 0.10681, 0.00806, 0.98315, 1.46484, 1.83105, 10.00977
1242, 0.24219, 0.00403, 0.97449, 4.94385, 0.42725, 4.94385
1259, 0.25977, 0.01929, 0.96606, 1.58691, 0.42725, 7.75146
1276, 0.23633, 0.02576, 0.97388, -2.31934, 1.34277, 9.52148
1293, 0.26953, 0.02417, 0.97620, -1.22070, 0.79346, 8.23975
1310, 0.29089, 0.04578, 0.97522, 0.30518, 0.06104, 9.46045
1327, 0.29895, 0.00354, 0.97656, 2.01416, 0.00000, 13.42773
1344, 0.17712, 0.00098, 0.97351, 4.69971, -0.91553, 18.67676
1361, 0.16431, 0.16394, 0.96680, 2.38037, -0.54932, 21.17920
1378, 0.21558, 0.29199, 0.97388, -4.88281, 0.48828, 3.60107
1395, 0.16907, 0.16492, 0.98352, -7.08008, 0.06104, -13.30566
1412, 0.14722, 0.18835, 0.97363, -2.80762, 0.67139, -13.06152
1429, 0.08118, 0.18555, 0.97766, -1.28174, 0.42725, -16.84570
1446, 0.04504, 0.18787, 0.97522, -0.30518, 0.54932, -15.93018
1463, 0.02710, 0.24109, 0.97485, 1.03760, -0.24414, -20.87402
1480, -0.02832, 0.21313, 0.97595, 4.94385, 0.61035, -23.74268
1497, -0.06995, 0.14978, 0.96777, 5.61523, 0.24414, -26.42822
1514, -0.08984, 0.16248, 0.97437, 0.67139, 0.61035, -27.22168
1531, -0.07544, 0.16992, 0.97473, -2.80762, 0.85449, -30.21240
1548, -0.14636, 0.05737, 0.99146, 2.92969, -0.36621, -32.16553
1565, -0.18909, 0.16943, 0.93591, 7.99561, -1.22070, -29.66309
1582, -0.17566, 0.05566, 0.97302, -3.47900, 0.36621, -39.48975
1599, -0.21924, -0.03870, 0.98083, -1.46484, -0.18311, -40.40527
1616, -0.25024, -0.04602, 0.96558, 1.52588, 0.00000, -35.52246
1633, -0.27661, -0.08252, 0.97827, 0.91553, 0.48828, -33.44727
1650, -0.27026, -0.04919, 0.97278, 2.25830, 0.18311, -30.21240
1667, -0.26624, 0.00757, 0.97095, 2.50244, 0.61035, -28.62549
1684, -0.26709, -0.06030, 0.97046, 5.37109, 0.67139, -36.25488
1701, -0.28345, -0.12134, 0.97290, 4.57764, 0.30518, -35.46143
1718, -0.27014, -0.16919, 0.97449, -0.73242, 0.42725, -31.73828
1735, -0.28833, -0.16406, 0.97449, -2.31934, 0.42725, -26.00098
1752, -0.27539, -0.21753, 0.97498, 1.22070, 0.18311, -23.31543
1769, -0.23926, -0.13025, 0.97620, 1.89209, 0.30518, -18.79883
1786, -0.23364, -0.15137, 0.95764, 2.68555, 0.18311, -19.34814
1803, -0.20081, -0.21899, 0.97388, -0.91553, 1.15967, -20.87402
1820, -0.17224, -0.24731, 0.97583, -0.30518, 1.22070, -18.00537
1837, -0.15784, -0.25195, 0.97314, -1.15967, 0.97656, -12.45117
1854, -0.14697, -0.20679, 0.97180, -0.42725, 0.85449, -5.31006
1871, -0.10913, -0.19043, 0.97583, 0.97656, 0.67139, -2.92969
1888, -0.07825, -0.19910, 0.97400, 1.09863, 0.91553, -2.50244
1905, -0.05066, -0.21106, 0.96692, -0.61035, 1.03760, 14.89258
1922, -0.05334, -0.18689, 0.97156, 0.54932, 1.70898, 2.68555
1939, -0.01611, -0.21924, 0.97766, -0.06104, 1.28174, 2.99072
1956, 0.00220, -0.24048, 0.97925, 0.06104, 0.54932, 3.35693
1973, 0.04224, -0.26709, 0.97522, -0.06104, 0.73242, 3.60107
1990, 0.07886, -0.25793, 0.97998, 1.64795, -0.67139, 4.08936
2007, 0.08240, -0.24170, 0.97363, 1.22070, 0.91553, 4.51660
2024, 0.07080, -0.23254, 0.97864, 2.92969, -0.06104, 4.82178
2041, 0.11414, -0.23767, 0.97449, 3.11279, -0.06104, 1.70898
2058, 0.15662, -0.22913, 0.97485, 1.22070, 1.83105, 3.78418
2075, 0.14819, -0.25110, 0.97595, -2.25830, 1.77002, 6.59180
2092, 0.14636, -0.20837, 0.97522, -0.73242, 0.85449, 16.72363
2109, 0.14758, -0.15088, 0.97449, -2.50244, -0.48828, 22.15576
2126, 0.16248, -0.10938, 0.97705, 5.73730, 1.09863, 21.72852
2143, 0.19067, -0.06909, 0.97986, 6.89697, 1.09863, 20.50781
2160, 0.18579, -0.09644, 0.97119, 3.66211, 1.09863, 26.67236
2177, 0.16675, -0.05139, 0.97363, 2.86865, 2.25830, 36.19385
2194, 0.17261, 0.04004, 0.96899, -6.28662, 0.97656, 41.32080
2211, 0.18518, 0.07471, 0.97534, -5.67627, 1.22070, 45.34912
2228, 0.18359, 0.03296, 0.97705, -2.01416, 0.73242, 43.15186
2245, 0.18127, -0.02710, 0.97656, 2.56348, 1.15967, 39.61182
2262, 0.14905, -0.03308, 0.97217, 1.89209, 1.15967, 44.73877
2279, 0.10693, 0.06421, 0.97693, 2.31934, 0.54932, 48.52295
2296, 0.12354, 0.07202, 0.97095, 1.15967, 0.97656, 47.48535
2313, 0.09558, 0.03625, 0.97095, 0.61035, 0.48828, 48.33984
2330, 0.12073, 0.06775, 0.98047, 1.83105, 0.00000, 43.15186
2347, 0.13184, 0.05725, 0.97083, -0.06104, -0.42725, 38.63525
2364, 0.12415, 0.08545, 0.96533, 0.42725, 0.42725, 37.71973
2381, 0.11780, 0.13135, 0.97620, 4.02832, 0.06104, 32.53174
2398, 0.08289, 0.11023, 0.96851, -2.74658, -0.06104, 28.56445
2415, 0.08215, 0.16833, 0.97351, -0.48828, -0.36621, 30.57861
2432, 0.09290, 0.26270, 0.97754, 3.84521, 1.03760, 26.12305
2449, 0.13647, 0.24060, 0.97314, 2.56348, 0.48828, 21.24023
2466, 0.09619, 0.23962, 0.97424, 3.47900, 0.73242, 20.20264
2483, 0.01965, 0.17834, 0.97400, 2.25830, 0.36621, 12.02393
2500, -0.08691, 0.10718, 0.97461, 1.95312, 0.42725, 5.06592
2517, -0.10034, 0.05493, 0.97363, 1.95312, 0.48828, 3.41797
2534, -0.11499, 0.05432, 0.97363, 1.89209, 0.30518, 0.91553
2551, -0.12622, 0.05139, 0.97375, 2.68555, 0.42725, 0.00000
2568, -0.17456, 0.00769, 0.97485, 1.52588, 0.97656, 0.97656
2585, -0.22681, 0.00696, 0.97485, 0.91553, 0.73242, 1.34277
2602, -0.25049, 0.00146, 0.97510, 0.24414, 0.97656, 0.61035
2619, -0.21667, -0.03113, 0.97437, 0.12207, 0.67139, 0.18311
2636, -0.22693, -0.02393, 0.97070, 0.54932, 0.30518, -0.24414
2653, -0.21887, -0.03394, 0.97119, 1.09863, 0.48828, 0.67139
2670, -0.20801, -0.02014, 0.97363, 1.28174, 0.73242, 2.01416
2687, -0.20801, -0.02209, 0.97388, 1.40381, 0.61035, 2.31934
2704, -0.21741, -0.01904, 0.97339, 1.09863, 0.30518, 2.13623
2721, -0.04968, -0.00989, 0.97424, 1.22070, 0.48828, 0.91553
2738, -0.02026, -0.00903, 0.97339, 1.70898, 0.91553, 0.79346
2755, -0.01892, -0.01221, 0.97473, 2.38037, 0.97656, 0.85449
2772, -0.01953, -0.01306, 0.97485, 2.56348, 0.79346, 0.97656
2789, -0.01868, -0.01428, 0.97644, 2.01416, 0.79346, 0.85449
2806, -0.01721, -0.01465, 0.97485, 1.34277, 0.61035, 0.73242
2823, -0.01904, -0.01453, 0.97461, 1.83105, 0.79346, 0.85449
2840, -0.01990, -0.01050, 0.97583, 1.64795, 0.91553, 0.73242
2857, -0.02063, -0.00916, 0.97852, 3.35693, 1.46484, 0.85449
in switch loop
2, -0.02600, -0.02527, 0.97559, 0.97656, -0.97656, 0.48828
18, -0.02051, -0.00867, 0.97620, 0.91553, -0.48828, 0.61035
35, -0.02112, -0.01233, 0.97449, 1.52588, -0.24414, 0.67139
52, -0.01965, -0.01538, 0.97498, 1.40381, -0.12207, 0.73242
69, -0.02051, -0.01294, 0.97437, 1.28174, 0.06104, 0.61035
86, -0.02075, -0.01270, 0.97400, 1.09863, 0.06104, 0.67139
103, -0.02136, -0.01416, 0.97449, 1.09863, 0.18311, 0.85449
120, -0.02075, -0.01343, 0.97400, 1.15967, 0.42725, 0.79346
137, -0.02124, -0.01282, 0.97388, 1.15967, 0.48828, 0.79346
154, -0.02161, -0.01318, 0.97400, 0.97656, 0.24414, 0.54932
171, -0.02039, -0.01282, 0.97351, 1.15967, 0.48828, 0.67139
188, -0.02136, -0.01355, 0.97498, 1.09863, 0.24414, 0.61035
205, -0.02026, -0.01416, 0.97424, 0.91553, 0.48828, 0.61035
222, -0.02039, -0.01428, 0.97412, 1.03760, 0.61035, 0.61035
239, -0.02063, -0.01392, 0.97437, 0.85449, 0.61035, 0.67139
256, -0.02075, -0.01013, 0.97339, 0.85449, 0.54932, 0.48828
273, -0.01965, -0.01428, 0.97449, 0.85449, 0.48828, 0.54932
290, -0.02637, -0.05200, 0.97644, 1.03760, 0.42725, -0.18311
307, -0.03564, -0.05103, 0.97339, 1.28174, 0.48828, -7.56836
324, -0.05371, -0.04468, 0.97400, 1.46484, 0.48828, -14.40430
341, -0.09558, -0.07422, 0.97461, 1.46484, 0.54932, -17.82227
358, -0.17163, -0.18750, 0.97473, 1.52588, 0.54932, -19.04297
375, -0.18311, -0.29895, 0.97290, 0.73242, 0.42725, -11.96289
392, -0.09424, -0.34705, 0.97192, -0.48828, -0.12207, -0.48828
409, -0.10913, -0.28040, 0.97437, 0.06104, 0.24414, 16.05225
426, -0.12817, -0.21753, 0.97131, 0.36621, -0.12207, 25.20752
443, -0.12830, -0.19482, 0.97034, 0.06104, -0.06104, 27.22168
460, -0.13501, -0.16516, 0.97290, -0.24414, 0.85449, 27.64893
477, -0.12939, -0.18896, 0.97607, -0.24414, 1.28174, 29.41895
494, -0.14954, -0.19104, 0.97205, -0.85449, 1.03760, 32.83691
511, -0.14136, -0.13196, 0.97144, 1.40381, 1.83105, 39.06250
528, -0.13342, -0.06250, 0.97473, 0.67139, 2.01416, 39.85596
545, -0.14209, -0.01733, 0.97986, 0.30518, 1.15967, 39.55078
562, -0.17725, -0.10217, 0.97229, 1.58691, 0.73242, 38.51318
579, -0.20166, -0.08948, 0.97095, 1.52588, 0.30518, 40.58838
596, -0.17261, -0.06274, 0.97900, -0.24414, 2.25830, 45.65430
613, -0.15979, 0.03955, 0.97900, 1.58691, 1.09863, 53.34473
630, -0.21594, 0.04431, 0.96484, -2.80762, 0.79346, 50.96436
647, -0.23413, -0.05457, 0.98547, 9.27734, 4.45557, 47.48535
664, -0.26001, -0.03381, 0.96899, -2.62451, 1.34277, 55.35889
681, -0.24170, 0.07385, 0.97327, 1.77002, 0.79346, 61.09619
698, -0.19800, 0.13635, 0.98718, 6.22559, 0.48828, 55.66406
715, -0.16357, 0.10950, 0.97986, 9.70459, 1.77002, 51.87988
732, -0.22351, 0.10083, 0.94934, -1.64795, 3.23486, 50.96436
749, -0.17041, 0.19373, 1.01111, -3.96729, 0.36621, 52.73438
766, -0.17578, 0.09766, 0.97607, -0.97656, 1.09863, 48.64502
783, -0.11340, 0.13672, 0.96240, 9.15527, 1.89209, 50.72021
800, -0.08240, 0.23218, 0.98560, 4.63867, -0.61035, 50.04883
817, 0.01428, 0.34595, 0.98694, 6.28662, 0.30518, 43.02979
833, 0.09839, 0.47485, 1.11646, 15.74707, -1.70898, 27.46582
850, 0.00378, 0.21484, 0.98572, 33.44727, -0.61035, 20.87402
867, -0.03101, 0.25879, 0.95691, 17.33398, -0.67139, 30.21240
884, 0.03528, 0.21802, 0.99634, 8.60596, 1.22070, 27.83203
901, -0.04651, 0.19885, 0.97083, 6.28662, 1.70898, 25.39063
918, 0.03113, 0.19592, 0.97083, 3.78418, 2.68555, 20.14160
935, 0.08179, 0.19226, 0.98633, 2.38037, 1.40381, 15.31982
952, 0.02344, 0.23706, 0.94678, -2.74658, 1.77002, 14.28223
969, 0.09473, 0.23865, 0.98340, -5.61523, 1.77002, 5.61523
986, 0.05762, 0.23535, 0.96826, -8.23975, 0.42725, 2.25830
1003, 0.21997, 0.13782, 0.98743, -14.28223, -1.09863, 2.25830
1020, 0.04541, 0.33105, 0.97424, -14.58740, -0.24414, 7.26318
1037, 0.14197, 0.20923, 0.99536, -14.34326, -4.94385, -11.65771
1054, 0.20642, 0.24133, 0.98694, -7.56836, 0.54932, -11.10840
1071, 0.13281, 0.23865, 0.96851, 0.73242, 1.28174, -21.78955
1088, 0.22766, 0.20984, 0.97852, 2.44141, -0.12207, -28.93066
1105, 0.21606, 0.21704, 0.97791, 1.77002, -0.85449, -30.51758
1122, 0.23840, 0.24707, 0.97205, 1.95312, 0.73242, -33.63037
1139, 0.28467, 0.13367, 0.99219, -1.83105, 0.54932, -41.44287
1156, 0.25769, 0.17908, 0.97083, 2.01416, 0.18311, -50.41504
1173, 0.27808, 0.07715, 0.97473, -1.95312, -0.79346, -61.09619
1190, 0.27600, 0.06482, 0.97266, -3.23486, 1.52588, -61.52344
1207, 0.24744, 0.11499, 0.96765, 3.72314, 1.22070, -69.70215
1224, 0.25146, -0.01831, 0.95703, 8.17871, 1.03760, -73.97461
1241, 0.23315, -0.09119, 0.96680, 1.03760, -0.36621, -72.32666
1258, 0.22131, -0.14685, 0.97791, -1.28174, -1.28174, -70.61768
1275, 0.19373, -0.14441, 0.97815, -5.12695, -0.91553, -69.76318
1292, 0.13782, -0.28955, 0.97388, -2.19727, -0.36621, -70.98389
1309, 0.06482, -0.33252, 0.96826, 0.36621, -0.61035, -65.67383
1326, -0.01660, -0.48730, 0.96631, 3.11279, -0.54932, -64.39209
1343, 0.00171, -0.53918, 0.97644, -1.09863, -0.42725, -53.46680
1360, -0.05310, -0.45776, 0.96240, -1.09863, -0.67139, -38.57422
1377, -0.07776, -0.41736, 0.97437, -3.11279, 0.97656, -36.01074
1394, -0.03809, -0.36816, 0.97449, -0.54932, 0.12207, -37.90283
1411, -0.10815, -0.34790, 0.97070, 0.61035, 0.00000, -35.21729
1428, -0.13208, -0.31543, 0.97290, 0.91553, -0.54932, -31.31104
1445, -0.02600, -0.34021, 0.97217, 0.79346, -0.91553, -31.37207
1462, -0.16650, -0.25549, 0.97266, 1.89209, -0.73242, -22.21680
1479, -0.19653, -0.21460, 0.97144, 2.13623, -0.67139, -20.75195
1496, -0.21106, -0.17822, 0.97278, 2.50244, -0.36621, -18.18848
1513, -0.20496, -0.19873, 0.97009, 1.64795, -0.18311, -13.42773
1530, -0.22290, -0.17896, 0.97375, 0.61035, 0.61035, -1.52588
1547, -0.18921, -0.13550, 0.97668, -0.06104, 0.36621, 4.63867
1564, -0.22913, -0.11914, 0.97729, 2.50244, 0.06104, 8.91113
1581, -0.23376, -0.13281, 0.97351, 6.28662, 0.54932, 16.54053
1598, -0.21655, -0.12244, 0.97168, 5.12695, 1.15967, 27.16064
1615, -0.19934, -0.00720, 0.96790, 2.44141, 1.46484, 30.94482
1632, -0.19238, 0.05188, 0.98022, -2.50244, 1.22070, 30.33447
1649, -0.20020, -0.00452, 0.96948, -1.64795, 0.67139, 30.27344
1666, -0.19250, 0.00549, 0.96814, -0.24414, 0.48828, 33.56934
1683, -0.19043, 0.01245, 0.96899, -0.12207, 1.03760, 35.94971
1700, -0.17139, 0.03931, 0.97351, -2.68555, 1.03760, 39.48975
1717, -0.17468, 0.07141, 0.96838, -0.91553, 1.28174, 41.50391
1734, -0.15906, 0.05420, 0.97229, 2.01416, 1.40381, 39.67285
1751, -0.14722, 0.06763, 0.97278, 2.38037, 1.28174, 38.63525
1768, -0.14429, 0.06055, 0.97375, 2.50244, 0.85449, 39.18457
1785, -0.12915, 0.09070, 0.97339, 2.01416, 0.85449, 38.87939
1802, -0.11560, 0.09338, 0.97437, 1.58691, 1.58691, 38.51318
1819, -0.11292, 0.08411, 0.97473, 1.95312, 1.77002, 38.39111
1836, -0.07654, 0.12524, 0.97412, 1.40381, 1.64795, 38.08594
1853, -0.04602, 0.16101, 0.97620, 1.46484, 0.42725, 38.81836
1870, -0.00134, 0.14526, 0.97754, 1.77002, 0.67139, 35.33936
1887, 0.02686, 0.13794, 0.97485, 1.09863, 1.09863, 33.26416
1904, 0.03210, 0.11157, 0.97058, 1.15967, 1.34277, 32.65381
1921, 0.08997, 0.15845, 0.97156, 1.58691, 0.67139, 28.44238
1938, 0.11548, 0.12378, 0.97534, 0.91553, 0.42725, 22.15576
1955, 0.12817, 0.09912, 0.97351, 0.97656, 0.73242, 17.27295
1972, 0.13940, 0.08704, 0.97046, 0.30518, 0.73242, 13.48877
1989, 0.13684, 0.09521, 0.97339, 0.48828, 0.61035, 11.04736
2006, 0.13464, 0.11023, 0.97546, 0.48828, 0.54932, 8.42285
2023, 0.15649, 0.11694, 0.97510, 1.09863, 0.24414, 7.20215
2040, 0.09924, 0.05762, 0.97363, 1.46484, 0.42725, 4.45557
2057, -0.01294, -0.00928, 0.97375, 1.40381, 0.06104, 1.09863
2074, -0.01892, -0.01465, 0.97351, 1.28174, -0.18311, 0.61035
2091, -0.01965, -0.01282, 0.97388, 0.67139, 0.06104, 0.67139
2108, -0.02026, -0.01123, 0.97363, 0.61035, 0.36621, 0.73242
2125, -0.01892, -0.01147, 0.97388, 0.67139, 0.42725, 0.67139
2142, -0.01978, -0.01184, 0.97412, 0.91553, 0.30518, 0.73242
2159, -0.01929, -0.01147, 0.97534, 1.28174, 0.48828, 0.73242
2176, -0.01941, -0.01404, 0.97302, 1.40381, 0.30518, 0.61035
2193, -0.01990, -0.01270, 0.97437, 1.09863, 0.67139, 0.79346
2210, -0.01941, -0.01257, 0.97400, 1.09863, 0.36621, 0.79346
2227, -0.01941, -0.01257, 0.97388, 0.79346, 0.36621, 0.73242
2245, -0.01990, -0.01331, 0.97400, 1.03760, 0.36621, 0.73242
2262, -0.02002, -0.01196, 0.97400, 1.09863, 0.61035, 0.67139
2279, -0.01917, -0.01221, 0.97412, 1.34277, 0.73242, 0.79346
2296, -0.02002, -0.01343, 0.97620, 1.83105, 0.85449, 0.73242
2313, -0.01978, -0.01196, 0.97681, 2.07520, 0.85449, 0.79346
2330, -0.02100, -0.01160, 0.97742, 2.25830, 1.34277, 0.54932
2347, -0.01855, -0.01294, 0.97839, 3.54004, 2.50244, 0.73242
in switch loop
2, -0.03052, -0.00635, 0.98218, 0.67139, -0.79346, 0.73242
18, -0.02234, -0.00757, 0.97632, 0.91553, -0.67139, 0.61035
35, -0.02161, -0.01208, 0.97449, 0.91553, -0.61035, 0.67139
52, -0.02087, -0.01331, 0.97412, 0.85449, 0.00000, 0.61035
69, -0.02026, -0.01233, 0.97375, 1.28174, 0.18311, 0.73242
86, -0.02173, -0.01172, 0.97485, 1.09863, 0.30518, 0.73242
103, -0.02124, -0.01221, 0.97400, 0.91553, 0.48828, 0.79346
120, -0.02075, -0.01184, 0.97485, 1.22070, 0.54932, 0.79346
137, -0.02051, -0.01208, 0.97424, 1.15967, 0.54932, 0.79346
154, -0.02112, -0.01306, 0.97461, 1.28174, 0.67139, 0.85449
171, -0.02002, -0.01343, 0.97461, 1.15967, 0.48828, 0.61035
188, -0.02014, -0.01331, 0.97546, 1.03760, 0.48828, 0.79346
205, -0.02063, -0.01257, 0.97400, 1.03760, 0.54932, 0.67139
222, -0.02063, -0.01233, 0.97546, 1.09863, 0.36621, 0.73242
239, -0.02039, -0.01221, 0.97498, 0.79346, 0.42725, 0.54932
256, -0.01990, -0.01196, 0.97437, 0.91553, 0.36621, 0.73242
273, -0.02112, -0.01270, 0.97412, 1.22070, 0.54932, 0.85449
290, -0.02014, -0.01245, 0.97449, 0.97656, 0.54932, 0.79346
307, -0.02039, -0.01343, 0.97375, 0.73242, 0.48828, 0.30518
324, -0.05469, -0.05786, 0.97339, 1.28174, 0.36621, -2.13623
341, -0.04517, -0.03369, 0.97314, 1.34277, 0.12207, -12.45117
358, -0.05115, -0.03931, 0.97449, 0.97656, 0.12207, -13.85498
375, -0.04626, -0.05542, 0.97607, 1.15967, 0.00000, -15.62500
392, -0.04797, -0.05884, 0.97498, 0.97656, 0.00000, -19.16504
409, -0.04590, -0.07642, 0.97522, 0.30518, -0.18311, -19.65332
426, -0.06055, -0.10706, 0.97192, 0.73242, -0.06104, -19.10400
443, -0.07239, -0.10913, 0.97351, 0.73242, 0.12207, -17.82227
460, -0.05469, -0.11328, 0.97412, 0.36621, 0.00000, -11.53564
477, -0.07813, -0.14954, 0.97241, 0.61035, 0.61035, -2.44141
494, -0.05688, -0.07776, 0.97998, 0.97656, 0.73242, 6.65283
511, -0.10291, -0.07849, 0.97522, 1.46484, 0.61035, 11.23047
528, -0.08191, -0.04272, 0.98035, 1.03760, 0.67139, 12.87842
545, -0.11682, -0.10632, 0.97607, 0.73242, 0.48828, 14.89258
562, -0.10449, -0.10876, 0.97473, 1.09863, 0.54932, 14.22119
579, -0.11121, -0.10046, 0.97144, 1.46484, 0.42725, 18.98193
596, -0.11499, -0.06873, 0.97485, 0.48828, 0.61035, 20.44678
613, -0.09900, -0.01733, 0.97351, 0.85449, 1.40381, 22.15576
630, -0.08655, -0.03430, 0.97424, 1.28174, 1.46484, 22.21680
647, -0.09009, 0.00012, 0.97388, 0.54932, 0.79346, 23.80371
664, -0.09985, -0.00452, 0.97510, 0.36621, 0.67139, 23.07129
681, -0.11255, 0.01990, 0.97327, 1.09863, 0.12207, 21.17920
698, -0.12805, 0.00195, 0.97522, 1.58691, 0.24414, 20.75195
715, -0.15186, -0.01025, 0.97375, 2.50244, 0.18311, 19.83643
732, -0.17712, -0.06396, 0.97180, 3.35693, 0.00000, 18.98193
749, -0.19226, -0.11255, 0.97412, 1.58691, 0.61035, 16.29639
766, -0.19031, -0.12524, 0.97766, 0.91553, 0.91553, 19.59229
783, -0.17395, -0.07373, 0.97095, 1.52588, -0.85449, 26.36719
800, -0.18311, -0.06104, 0.96118, -0.61035, 0.18311, 29.17480
817, -0.14697, -0.02893, 0.98718, 5.73730, 4.33350, 31.37207
834, -0.17590, -0.00989, 0.97119, 1.83105, 1.58691, 32.77588
851, -0.18335, 0.02100, 0.96912, -0.61035, 1.15967, 37.65869
868, -0.14954, 0.04700, 0.97644, -1.09863, 2.86865, 38.20801
885, -0.12305, 0.08875, 0.98242, 6.65283, 0.12207, 39.48975
902, -0.16016, 0.05664, 0.95081, 5.73730, 1.03760, 39.30664
919, -0.15137, 0.18433, 0.98389, 10.92529, -0.12207, 42.48047
936, -0.16699, 0.11694, 0.95532, 11.65771, 1.77002, 40.03906
953, -0.09875, 0.15601, 0.97119, -4.39453, 2.44141, 40.71045
970, -0.09363, 0.14197, 0.98022, -11.90186, 1.15967, 38.94043
987, -0.07043, 0.14233, 0.97437, 0.61035, 1.22070, 40.22217
1004, -0.05042, 0.21509, 0.98120, 0.67139, 2.56348, 38.51318
1021, -0.04346, 0.19128, 0.97607, 1.64795, -0.06104, 37.84180
1038, -0.04211, 0.25403, 0.97656, 0.48828, 0.42725, 34.11865
1055, -0.02734, 0.23938, 0.97632, 0.67139, 0.12207, 31.37207
1072, -0.01611, 0.17834, 0.97498, 1.28174, -0.12207, 27.77100
1089, 0.03186, 0.21875, 0.98193, -0.54932, 0.30518, 24.84131
1106, 0.08496, 0.26331, 0.97180, -0.06104, 0.54932, 23.07129
1123, 0.10010, 0.26929, 0.98145, -0.91553, 0.48828, 17.51709
1140, 0.08472, 0.25415, 0.95862, 2.68555, -0.24414, 10.98633
1157, 0.06665, 0.29041, 0.96704, 0.06104, 0.00000, 6.04248
1174, 0.18457, 0.21753, 0.97754, 3.78418, 1.28174, -1.34277
1191, 0.21240, 0.20386, 0.97717, 5.49316, 2.31934, -5.49316
1208, 0.20776, 0.24097, 0.98730, -1.09863, 1.58691, -6.95801
1225, 0.19958, 0.21411, 0.97058, 2.31934, 0.97656, -18.24951
1242, 0.23596, 0.09155, 0.98779, 3.66211, 1.34277, -21.05713
1259, 0.23010, 0.21753, 0.97278, -0.48828, 0.97656, -21.54541
1276, 0.24084, 0.05029, 0.96460, 3.11279, -1.22070, -32.16553
1293, 0.27673, 0.00977, 0.98193, -2.01416, 0.00000, -32.28760
1310, 0.23865, 0.00452, 0.98462, -1.64795, 1.52588, -37.41455
1327, 0.27454, -0.01221, 0.97571, 2.86865, 0.97656, -40.83252
1344, 0.26013, -0.00879, 0.96301, 8.05664, 1.95312, -41.68701
1361, 0.25146, -0.00208, 0.97888, 5.98145, 0.06104, -44.06738
1378, 0.21924, -0.04590, 0.97400, -1.70898, -1.77002, -53.64990
1395, 0.21008, -0.15698, 0.98096, -2.68555, -0.91553, -55.72510
1412, 0.22205, -0.09204, 0.97192, -4.21143, -1.46484, -53.40576
1429, 0.20691, -0.10815, 0.97717, -2.68555, 0.24414, -54.80957
1446, 0.19287, -0.13745, 0.99939, 3.29590, 1.28174, -54.74854
1463, 0.10693, -0.22192, 0.97180, 1.89209, -0.54932, -54.74854
1480, 0.07605, -0.27515, 0.97388, 0.73242, -0.85449, -48.40088
1497, 0.01160, -0.30591, 0.97510, 1.28174, -1.40381, -45.89844
1514, 0.01733, -0.34607, 0.96423, -0.12207, -0.54932, -41.62598
1531, -0.09021, -0.36523, 0.97913, -3.35693, 1.34277, -38.63525
1548, -0.03882, -0.35474, 0.97632, -1.22070, 0.67139, -36.25488
1565, -0.07922, -0.31970, 0.97278, 1.09863, -0.30518, -28.44238
1582, -0.05823, -0.24719, 0.97473, -0.73242, 0.67139, -20.62988
1599, -0.08691, -0.22021, 0.97559, -0.18311, 0.36621, -15.19775
1616, 0.03333, -0.26025, 0.97205, 0.97656, -0.18311, -19.65332
1633, -0.11670, -0.21350, 0.97180, 2.13623, 0.12207, -13.42773
1650, -0.17358, -0.18530, 0.97400, 1.70898, 0.12207, -12.57324
1667, -0.17041, -0.15747, 0.97424, 1.58691, -0.06104, -6.40869
1684, -0.17017, -0.12720, 0.97241, 0.91553, -0.36621, -3.35693
1701, -0.16602, -0.14136, 0.97070, 0.12207, -0.06104, -1.40381
1718, -0.17944, -0.11292, 0.97620, -0.67139, 0.00000, 1.28174
1735, -0.19934, -0.08154, 0.97363, -0.24414, -0.18311, 5.73730
1752, -0.19543, -0.04260, 0.97571, 2.13623, 0.48828, 8.85010
1769, -0.19080, -0.02490, 0.97693, 3.90625, 0.30518, 10.43701
1786, -0.20178, -0.02637, 0.97070, 4.39453, 0.54932, 14.46533
1803, -0.19336, -0.02734, 0.97375, 3.29590, 0.67139, 16.05225
1820, -0.19080, -0.02625, 0.97168, 0.30518, 0.48828, 18.18848
1837, -0.18286, -0.01172, 0.97473, -0.61035, 0.73242, 24.04785
1854, -0.16614, 0.00671, 0.96851, -0.18311, 0.79346, 29.47998
1871, -0.16553, 0.03259, 0.97375, -0.36621, 0.79346, 33.87451
1888, -0.14771, 0.07605, 0.97327, 0.06104, 1.03760, 34.66797
1905, -0.13135, 0.07825, 0.97131, -0.67139, 1.34277, 34.11865
1922, -0.12134, 0.08154, 0.96985, -1.46484, 0.85449, 35.70557
1939, -0.09875, 0.08191, 0.97388, -0.61035, 0.97656, 35.15625
1956, -0.09570, 0.09045, 0.97375, 0.79346, 0.85449, 35.15625
1973, -0.07751, 0.10608, 0.97327, 1.95312, 1.28174, 34.91211
1990, -0.06360, 0.08655, 0.97510, 1.89209, 0.97656, 33.32520
2007, -0.07532, 0.04004, 0.97400, 1.46484, 1.28174, 32.22656
2024, -0.07361, 0.03271, 0.97412, 2.19727, 1.28174, 32.47070
2041, -0.06165, 0.04407, 0.97510, 2.50244, 0.97656, 32.34863
2058, -0.03723, 0.05725, 0.97644, 1.95312, 1.03760, 28.80859
2075, -0.02002, 0.02844, 0.97388, 1.58691, 0.91553, 27.40479
2092, -0.02209, 0.01575, 0.97485, 1.70898, 0.24414, 25.45166
2109, -0.01123, 0.00366, 0.97681, 0.48828, 0.91553, 26.30615
2126, -0.00989, 0.03796, 0.97424, 0.54932, 0.73242, 28.13721
2143, 0.00464, 0.07275, 0.97424, 1.83105, 0.36621, 27.09961
2160, 0.00745, 0.05493, 0.97363, 1.70898, 0.36621, 24.16992
2177, 0.00232, 0.04944, 0.97388, 1.03760, 1.09863, 22.82715
2194, 0.00562, 0.05823, 0.97412, 1.40381, 1.09863, 21.60645
2211, 0.03320, 0.05396, 0.97461, 1.58691, 0.85449, 18.85986
2228, 0.02026, 0.04443, 0.97375, 1.40381, 0.67139, 17.94434
2245, 0.03809, 0.05896, 0.97437, 1.70898, 0.42725, 16.78467
2262, 0.04370, 0.05261, 0.97388, 1.58691, 0.54932, 15.13672
2279, 0.05042, 0.04871, 0.97400, 1.77002, 0.67139, 13.54980
2296, 0.04895, 0.03357, 0.97375, 1.52588, 0.73242, 11.65771
2313, 0.03564, 0.02039, 0.97241, 1.40381, 0.48828, 10.25391
2330, 0.03687, 0.01917, 0.97424, 0.91553, 0.24414, 8.60596
2347, 0.03357, 0.02014, 0.97546, 1.28174, 0.06104, 7.14111
2364, 0.03479, 0.01697, 0.97437, 1.22070, 0.12207, 5.43213
2381, 0.02966, 0.01050, 0.97461, 1.09863, 0.30518, 4.39453
2398, 0.02075, 0.00415, 0.97363, 1.03760, 0.61035, 3.66211
2415, 0.01587, 0.00452, 0.97424, 0.91553, 0.36621, 3.66211
2431, 0.02173, 0.00476, 0.97437, 0.85449, 0.36621, 2.99072
2448, 0.01611, 0.00195, 0.97424, 1.22070, 0.24414, 2.38037
2465, 0.00745, -0.00073, 0.97400, 1.09863, 0.30518, 2.01416
2482, -0.00757, -0.00696, 0.97351, 0.97656, 0.54932, 1.09863
2499, -0.01624, -0.01099, 0.97449, 0.91553, 0.48828, 1.03760
2516, -0.01794, -0.01147, 0.97388, 0.85449, 0.36621, 0.85449
2533, -0.01917, -0.01086, 0.97437, 0.85449, 0.36621, 0.85449
2550, -0.01941, -0.01135, 0.97498, 1.15967, 0.36621, 0.97656
2567, -0.02014, -0.01245, 0.97510, 1.03760, 0.24414, 0.85449
2584, -0.02051, -0.01208, 0.97449, 0.85449, 0.36621, 0.73242
2601, -0.02026, -0.01208, 0.97424, 1.03760, 0.30518, 0.97656
2618, -0.02075, -0.01196, 0.97424, 1.09863, 0.30518, 1.03760
2635, -0.02258, -0.01294, 0.97363, 0.91553, 0.42725, 1.46484
2652, -0.01904, -0.01123, 0.97388, 1.09863, 0.54932, 2.31934
2669, -0.01868, -0.01208, 0.97412, 1.15967, 0.67139, 2.01416
2686, -0.02112, -0.01331, 0.97437, 0.85449, 0.79346, 2.07520
2703, -0.02429, -0.01672, 0.97400, 1.52588, 1.22070, 3.96729
2720, -0.02185, -0.00757, 0.98083, 2.74658, 1.46484, 5.43213
in switch loop
2, -0.01477, -0.02795, 0.96875, 0.97656, -0.54932, 0.79346
18, -0.01794, -0.00842, 0.97546, 0.36621, -0.30518, 0.67139
35, -0.02112, -0.00916, 0.97498, 0.97656, -0.06104, 0.79346
52, -0.02063, -0.00977, 0.97461, 1.09863, 0.12207, 0.67139
69, -0.02124, -0.01050, 0.97424, 1.22070, 0.30518, 0.67139
86, -0.02136, -0.00989, 0.97388, 1.40381, 0.24414, 0.73242
103, -0.02039, -0.01123, 0.97424, 1.52588, 0.54932, 0.79346
120, -0.02100, -0.01099, 0.97473, 1.15967, 0.54932, 0.73242
137, -0.02124, -0.01111, 0.97424, 1.22070, 0.67139, 0.73242
154, -0.02075, -0.01208, 0.97461, 1.09863, 0.67139, 0.67139
171, -0.02039, -0.01025, 0.97375, 0.73242, 0.61035, 0.61035
188, -0.02014, -0.01099, 0.97559, 0.97656, 0.61035, 0.61035
205, -0.02002, -0.00989, 0.97485, 1.22070, 0.54932, 0.67139
222, -0.02063, -0.00989, 0.97583, 0.91553, 0.48828, 0.61035
239, -0.02039, -0.01172, 0.97424, 1.09863, 0.48828, 0.79346
256, -0.01953, -0.01123, 0.97461, 1.22070, 0.42725, 0.73242
273, -0.02039, -0.01013, 0.97388, 1.15967, 0.48828, 0.91553
290, -0.02112, -0.00940, 0.97400, 1.34277, 0.36621, 0.91553
307, -0.02075, -0.01111, 0.97449, 1.64795, 0.36621, 0.85449
324, -0.01941, -0.01160, 0.97327, 1.52588, 0.42725, 0.91553
341, -0.02026, -0.01147, 0.97449, 1.40381, 0.42725, 0.97656
358, -0.02039, -0.01196, 0.97412, 1.34277, 0.54932, 0.97656
375, -0.02112, -0.01062, 0.97461, 1.15967, 0.36621, 1.03760
392, -0.03467, -0.01477, 0.97388, 1.34277, 0.54932, 2.01416
409, -0.02319, 0.00977, 0.97534, 1.28174, 0.48828, 14.83154
426, -0.03748, 0.03711, 0.97375, 1.70898, 0.61035, 19.34814
443, -0.07178, 0.21912, 0.97253, 1.34277, 0.79346, 22.64404
460, -0.04687, 0.23120, 0.97827, 0.67139, 0.97656, 4.27246
477, -0.02466, 0.19653, 0.97583, 0.06104, 0.12207, -9.46045
494, -0.02820, 0.19507, 0.97632, 0.54932, -0.12207, -10.31494
511, -0.03467, 0.20862, 0.97815, 1.28174, -0.54932, -5.06592
528, -0.03088, 0.20068, 0.97339, 0.79346, -0.06104, -3.60107
545, -0.04553, 0.19141, 0.97913, 0.85449, 0.97656, -4.08936
562, -0.07349, 0.20068, 0.97693, 0.73242, 0.73242, -7.69043
579, -0.06274, 0.21484, 0.97107, -0.48828, 0.00000, -8.91113
596, -0.06079, 0.19995, 0.97656, 0.42725, 0.30518, -14.40430
613, -0.04456, 0.22656, 0.97424, -0.48828, 1.15967, -20.38574
630, -0.03845, 0.12378, 0.98267, 0.30518, 0.97656, -24.23096
647, -0.04773, 0.14465, 0.96680, 2.44141, 0.42725, -28.38135
664, -0.03442, 0.05371, 0.97449, 2.13623, 1.28174, -27.64893
681, -0.02246, 0.07031, 0.97607, 1.22070, -0.06104, -26.48926
698, 0.00415, 0.12207, 0.96179, 2.38037, 0.48828, -29.23584
715, -0.00500, 0.08569, 0.98169, 3.54004, 0.42725, -32.95898
732, -0.00671, 0.00610, 0.97119, 1.03760, -0.18311, -36.56006
749, -0.02612, -0.01660, 0.97668, 3.66211, 0.42725, -31.98242
766, -0.02173, -0.07275, 0.98657, 3.35693, 0.24414, -35.70557
783, -0.01733, -0.16199, 0.97559, -1.46484, -1.03760, -39.30664
800, -0.01001, -0.14429, 0.98120, -0.12207, 0.67139, -34.66797
817, -0.02222, -0.16199, 0.97241, 1.70898, 1.09863, -37.10938
834, -0.03064, -0.19226, 0.97974, -0.12207, 0.42725, -44.37256
851, -0.05017, -0.31128, 0.97327, -0.06104, 0.12207, -39.00146
868, -0.06750, -0.29675, 0.97571, -0.67139, 0.42725, -33.08105
885, -0.07849, -0.33875, 0.97559, -2.01416, 0.00000, -32.40967
902, -0.08215, -0.40393, 0.97217, 0.36621, 0.36621, -28.74756
919, -0.10266, -0.48499, 0.97241, 2.13623, 0.54932, -23.55957
936, -0.07520, -0.52026, 0.97412, 2.68555, 0.48828, -13.24463
953, 0.05334, -0.35144, 0.97351, 2.01416, 0.79346, 0.24414
970, -0.01367, -0.01904, 0.97412, -0.06104, 0.85449, 0.73242
987, -0.05615, 0.03259, 0.97559, -0.91553, 0.42725, -4.45557
1004, -0.09253, -0.06030, 0.97595, 0.30518, -0.36621, -27.28271
1021, -0.09692, -0.10254, 0.97375, 0.67139, -0.36621, -26.24512
1038, -0.16296, -0.16248, 0.97461, 0.24414, -0.54932, -21.60645
1055, -0.19128, -0.20190, 0.97266, 0.61035, -0.12207, -17.39502
1072, -0.20361, -0.21191, 0.97375, 0.48828, 0.30518, -5.92041
1089, -0.23950, -0.21765, 0.97644, 0.06104, 0.36621, 8.78906
1106, -0.25244, -0.20349, 0.97058, 0.97656, 0.36621, 19.83643
1123, -0.23511, -0.13501, 0.97729, 1.95312, -0.12207, 27.89307
1140, -0.22559, -0.07092, 0.97595, 2.25830, 0.85449, 32.16553
1157, -0.22156, -0.09021, 0.97754, 3.23486, 1.09863, 35.52246
1174, -0.21497, -0.05505, 0.97437, 1.64795, 1.70898, 38.75732
1191, -0.18835, 0.00720, 0.97815, 1.15967, 1.03760, 39.67285
1209, -0.18591, -0.01904, 0.97705, 1.58691, 1.03760, 36.74316
1226, -0.16345, -0.01294, 0.97437, 2.13623, 1.64795, 35.15625
1243, -0.13220, 0.00012, 0.97095, 1.46484, 0.85449, 36.19385
1260, -0.12976, 0.00452, 0.97900, 3.35693, 0.54932, 35.94971
1277, -0.07898, 0.05066, 0.97961, 2.19727, 1.03760, 34.30176
1294, -0.06079, 0.04846, 0.97205, 2.07520, 0.85449, 34.60693
1311, -0.02991, 0.08704, 0.97339, 0.91553, 1.03760, 32.10449
1328, -0.02417, 0.06946, 0.97266, 0.24414, 1.03760, 29.41895
1345, -0.03284, 0.02405, 0.97351, -0.61035, 0.36621, 28.07617
1362, -0.02661, 0.03467, 0.97205, 0.42725, 0.48828, 27.28271
1379, -0.03271, 0.03479, 0.97327, 0.24414, 0.12207, 27.03857
1396, -0.00500, 0.06616, 0.97217, 1.64795, 0.30518, 25.51270
1413, 0.01929, 0.04456, 0.97595, 1.40381, 1.09863, 24.84131
1430, -0.02197, 0.03528, 0.98157, -0.24414, 1.34277, 28.32031
1447, -0.02417, 0.02356, 0.97095, -0.48828, 0.97656, 31.49414
1464, -0.02661, 0.04272, 0.97314, 0.36621, 1.46484, 32.83691
1481, -0.05591, 0.02136, 0.97107, 1.58691, 1.52588, 32.77588
1498, -0.03613, 0.06140, 0.97766, 1.46484, 0.85449, 34.11865
1515, -0.01440, 0.07947, 0.98132, 1.70898, 0.54932, 33.69141
1532, -0.02319, 0.06482, 0.97424, 2.31934, 0.85449, 33.50830
1549, -0.03003, 0.06775, 0.97217, 1.52588, 0.54932, 34.42383
1566, -0.03430, 0.06921, 0.97913, 1.64795, 0.73242, 35.15625
1583, 0.00220, 0.07837, 0.97705, 2.80762, 0.67139, 34.79004
1600, -0.03345, 0.08105, 0.96436, 2.56348, 0.73242, 34.97314
1617, 0.09082, 0.12598, 0.98450, -0.30518, 1.46484, 31.73828
1634, 0.10095, 0.09485, 0.97498, 1.89209, 1.22070, 29.05273
1651, 0.13330, 0.07703, 0.96631, 2.38037, 1.64795, 25.20752
1668, 0.13464, 0.05945, 0.97217, 0.73242, 1.40381, 22.94922
1685, 0.18420, 0.04761, 0.97668, 0.61035, 1.34277, 20.14160
1701, 0.21777, 0.05518, 0.97644, -0.06104, 1.70898, 18.43262
1718, 0.20215, 0.03235, 0.97510, 1.83105, 1.28174, 15.25879
1735, 0.18860, 0.01819, 0.97742, 2.19727, 0.85449, 11.65771
1752, 0.18579, 0.01489, 0.97400, 1.64795, 0.67139, 10.25391
1768, 0.17407, 0.01428, 0.97412, 1.22070, 0.36621, 9.09424
1785, 0.16516, 0.01282, 0.97595, 1.03760, 0.42725, 8.23975
1802, 0.13086, 0.00818, 0.97424, 1.09863, 0.48828, 6.89697
1819, 0.13965, 0.00732, 0.97461, 1.03760, 0.48828, 5.43213
1836, 0.12781, 0.00281, 0.97498, 0.97656, 0.18311, 3.29590
1853, 0.06360, -0.00293, 0.97461, 0.79346, 0.48828, 1.77002
1870, -0.01306, -0.01306, 0.97437, 0.97656, 0.24414, 0.67139
1887, -0.01746, -0.01489, 0.97461, 0.79346, 0.00000, 0.67139
1904, -0.01807, -0.01233, 0.97473, 0.42725, 0.00000, 0.67139
1921, -0.01831, -0.01184, 0.97388, 0.73242, 0.18311, 0.61035
1938, -0.01868, -0.01147, 0.97388, 0.97656, 0.36621, 0.73242
1957, -0.01819, -0.01233, 0.97400, 0.91553, 0.48828, 0.54932
1974, -0.01758, -0.01123, 0.97412, 1.09863, 0.85449, 0.79346
1991, -0.01782, -0.01270, 0.97449, 1.34277, 0.79346, 0.85449
2008, -0.01807, -0.01392, 0.97485, 1.28174, 0.67139, 0.79346
2025, -0.01807, -0.01282, 0.97485, 1.15967, 0.67139, 0.79346
2042, -0.01794, -0.01282, 0.97571, 1.03760, 0.54932, 0.85449
2059, -0.01758, -0.01270, 0.97424, 1.09863, 0.42725, 0.79346
2076, -0.01807, -0.01208, 0.97424, 1.22070, 0.48828, 0.67139
2093, -0.01733, -0.01172, 0.97534, 1.03760, 0.61035, 0.85449
2110, -0.01843, -0.01294, 0.97498, 1.28174, 0.85449, 0.67139
2127, -0.01807, -0.01245, 0.97559, 0.97656, 1.28174, 0.61035
2144, -0.01538, -0.01282, 0.97534, 1.15967, 1.95312, 0.67139
2161, -0.01587, -0.01208, 0.97485, 1.34277, 1.77002, 0.79346
2178, -0.01672, -0.01111, 0.97534, 1.83105, 1.40381, 0.67139
2195, -0.01648, -0.01294, 0.97583, 2.19727, 1.40381, 0.42725
in switch loop
2, -0.00562, -0.00244, 0.98938, 1.52588, -1.09863, 1.77002
19, -0.01746, -0.00439, 0.97815, 0.79346, -0.79346, 1.83105
36, -0.00671, 0.01660, 0.97375, 1.15967, -0.48828, 6.53076
53, -0.02246, -0.01563, 0.97339, 0.97656, 0.00000, 9.94873
70, -0.02869, -0.02661, 0.97290, 0.67139, 0.24414, 4.94385
87, -0.02771, -0.02307, 0.97412, 0.54932, 0.54932, 4.15039
104, -0.02368, -0.01367, 0.97485, 0.30518, 0.79346, 1.64795
121, -0.02246, -0.01208, 0.97437, 0.48828, 0.79346, 0.79346
138, -0.02185, -0.01123, 0.97449, 0.73242, 0.67139, 0.85449
155, -0.02161, -0.01282, 0.97498, 1.15967, 0.85449, 0.85449
172, -0.02026, -0.01196, 0.97522, 1.09863, 0.54932, 0.67139
189, -0.02173, -0.01184, 0.97583, 1.09863, 0.73242, 0.91553
206, -0.02197, -0.01135, 0.97498, 0.91553, 0.61035, 0.67139
223, -0.02136, -0.01184, 0.97400, 0.54932, 0.54932, 0.42725
240, -0.02185, -0.01172, 0.97571, 1.09863, 0.36621, 0.79346
257, -0.02100, -0.01160, 0.97461, 0.97656, 0.42725, 0.73242
274, -0.02039, -0.01160, 0.97498, 1.03760, 0.61035, 0.73242
291, -0.02161, -0.01135, 0.97449, 1.22070, 0.54932, 0.79346
308, -0.02075, -0.01025, 0.97485, 1.46484, 0.42725, 0.91553
325, -0.02185, -0.00879, 0.97522, 0.97656, 0.36621, 0.73242
342, -0.01807, 0.01221, 0.97461, 1.34277, 0.36621, 2.92969
359, -0.01965, 0.02649, 0.97510, 1.64795, 0.30518, 8.36182
376, -0.03027, 0.00806, 0.97485, 1.64795, 0.42725, 16.84570
393, -0.02661, 0.02527, 0.97314, 1.46484, 0.54932, 23.01025
410, -0.01831, 0.06262, 0.97583, 1.52588, 0.54932, 27.83203
427, -0.03320, 0.05554, 0.97449, 1.46484, 0.54932, 27.70996
444, -0.04504, 0.24146, 0.97534, 1.28174, 0.36621, 7.14111
461, -0.03149, 0.10645, 0.97485, 1.46484, 0.00000, 1.95312
478, -0.03088, 0.09949, 0.97668, 1.09863, 0.06104, 5.49316
495, -0.03320, 0.15149, 0.97473, 0.91553, 0.18311, 8.54492
512, -0.02844, 0.09717, 0.97852, 0.73242, 0.48828, 7.20215
529, -0.01294, 0.17383, 0.96973, 0.36621, 0.97656, 10.07080
546, -0.02832, 0.11755, 0.98132, 0.54932, 0.91553, 7.62939
563, -0.03625, 0.10046, 0.97620, 0.73242, 0.54932, 9.39941
580, -0.04504, 0.16760, 0.97375, -0.36621, 0.00000, 7.87354
597, -0.02856, 0.13159, 0.97803, 0.97656, 0.48828, 0.73242
614, -0.02002, 0.09656, 0.97461, 0.79346, 0.42725, -5.06592
631, -0.02380, 0.18201, 0.98132, 0.97656, 0.30518, -6.28662
648, -0.03577, 0.15430, 0.97314, 1.03760, -0.18311, -15.50293
665, -0.04321, 0.04736, 0.97754, 1.40381, 0.97656, -14.46533
682, -0.05908, 0.10815, 0.98206, 2.25830, 0.54932, -14.16016
699, -0.05334, 0.12354, 0.96716, 0.73242, -0.30518, -22.03369
716, -0.00989, 0.08191, 0.97766, 0.12207, 0.91553, -23.80371
733, -0.06274, 0.19531, 0.96704, 4.82178, 0.73242, -23.62061
750, -0.01965, 0.03235, 0.97620, 0.12207, 1.09863, -35.46143
767, -0.04126, 0.04321, 0.96643, 7.14111, 1.09863, -39.42871
784, -0.00134, -0.06641, 1.01355, 3.60107, -0.48828, -34.11865
801, 0.02075, 0.02051, 0.97375, -0.85449, -0.54932, -33.08105
818, 0.00903, -0.00598, 1.00037, -3.78418, 1.64795, -33.26416
835, -0.01282, -0.03308, 0.97632, 1.22070, 0.18311, -38.87939
852, -0.00818, -0.08630, 0.97632, 2.13623, -0.12207, -39.42871
869, -0.02979, -0.07202, 0.96924, -0.61035, 0.61035, -41.44287
886, -0.02051, -0.10950, 0.97900, -4.15039, 0.42725, -42.41943
903, -0.05457, -0.27942, 0.97546, 0.61035, -0.36621, -39.67285
920, -0.07483, -0.28125, 0.96326, 7.44629, -0.42725, -36.37695
937, -0.10815, -0.47241, 0.96167, 5.37109, 0.06104, -31.67725
954, -0.15039, -0.55762, 0.96948, -0.30518, 0.42725, -15.50293
971, -0.15466, -0.61047, 0.97400, -1.34277, 0.73242, 4.15039
988, -0.11499, -0.51794, 0.97095, 0.48828, 0.61035, 15.50293
1005, -0.08728, -0.15173, 0.97180, 1.09863, 0.91553, 17.57813
1022, -0.14160, -0.09106, 0.97510, -0.30518, 0.91553, 0.00000
1039, -0.12439, -0.14954, 0.97363, 0.06104, 0.42725, -15.86914
1056, -0.08569, -0.14978, 0.97595, 1.15967, 0.24414, -24.41406
1073, -0.13000, -0.13977, 0.97351, 1.83105, 0.36621, -22.58301
1090, -0.17175, -0.15100, 0.97522, 2.25830, 0.30518, -15.07568
1107, -0.20813, -0.10583, 0.97351, 2.68555, 0.30518, -4.02832
1124, -0.25244, -0.08215, 0.97253, 2.68555, -0.06104, 4.33350
1141, -0.21948, -0.11389, 0.97107, 1.58691, -0.06104, 9.03320
1158, -0.20508, -0.08960, 0.97778, 1.58691, 0.67139, 9.46045
1175, -0.19629, -0.09729, 0.97632, 0.79346, 1.83105, 10.43701
1192, -0.18579, -0.09912, 0.96936, -1.28174, 1.09863, 16.54053
1209, -0.18384, -0.05518, 0.97595, -3.23486, 1.22070, 23.31543
1226, -0.19543, -0.04541, 0.96948, -1.52588, 0.91553, 24.71924
1243, -0.17139, -0.06592, 0.97534, 1.58691, 0.61035, 22.70508
1260, -0.11755, -0.03503, 0.97473, 1.28174, 0.48828, 22.46094
1277, -0.05981, -0.01001, 0.97803, 2.68555, 0.73242, 22.64404
1294, -0.07288, -0.03271, 0.97681, 2.74658, 0.67139, 22.09473
1311, -0.01001, -0.01123, 0.96985, 2.56348, 0.54932, 21.30127
1328, -0.01563, 0.01306, 0.98572, 0.85449, 1.64795, 19.04297
1345, -0.03125, 0.00024, 0.98059, 1.15967, 0.85449, 16.05225
1362, -0.03088, 0.00049, 0.97791, 0.61035, 1.15967, 13.36670
1379, -0.00684, -0.00818, 0.97693, 1.77002, 0.24414, 15.01465
1396, -0.01563, 0.00366, 0.97437, 1.77002, 0.24414, 12.51221
1413, -0.03528, -0.01147, 0.97485, 3.96729, 0.24414, 13.48877
1430, -0.02234, -0.02112, 0.97107, 5.18799, 0.67139, 15.31982
1447, -0.03271, -0.03406, 0.97632, 4.33350, 0.48828, 18.37158
1464, 0.00159, -0.01733, 0.96704, 2.74658, 0.42725, 18.92090
1481, -0.00146, 0.03406, 0.97925, -0.91553, 1.34277, 21.54541
1498, -0.01208, 0.02063, 0.97400, 0.12207, 0.97656, 21.91162
1515, -0.06262, 0.00488, 0.98010, -0.97656, 1.28174, 21.36230
1532, -0.03845, -0.01404, 0.97510, 0.24414, 0.54932, 20.99609
1549, -0.00659, -0.00037, 0.96985, 0.36621, 1.15967, 21.85059
1566, 0.04480, 0.03394, 0.97205, 0.67139, 0.85449, 23.43750
1582, 0.01929, 0.02917, 0.98010, 14.70947, 0.61035, 25.02441
1598, 0.06128, 0.03992, 0.97522, -0.54932, 0.91553, 26.30615
1615, 0.05249, 0.05908, 0.97754, -0.54932, 0.67139, 27.40479
1632, 0.07666, 0.07935, 0.97668, 0.48828, 0.36621, 28.56445
1649, 0.08545, 0.06836, 0.98267, 1.22070, 0.36621, 26.30615
1665, 0.10315, 0.06128, 0.97583, 1.95312, 0.18311, 22.09473
1682, 0.14539, 0.07568, 0.97449, 1.52588, 0.30518, 20.69092
1699, 0.14050, 0.09351, 0.97107, 2.31934, 0.54932, 18.37158
1716, 0.14612, 0.08154, 0.97668, 3.17383, 0.91553, 17.39502
1733, 0.16553, 0.09985, 0.97839, 2.07520, 0.85449, 14.22119
1750, 0.15564, 0.08789, 0.97351, 2.13623, 0.73242, 9.27734
1767, 0.15833, 0.08301, 0.97620, 0.73242, 0.97656, 7.56836
1784, 0.15698, 0.07654, 0.97620, 1.03760, 0.54932, 6.16455
1800, 0.12512, 0.06458, 0.97595, 0.67139, 0.67139, 5.37109
1817, 0.08069, 0.04529, 0.97351, 0.73242, 0.42725, 4.76074
1834, 0.05615, 0.01550, 0.97522, 0.42725, 0.54932, 3.17383
1851, 0.04602, 0.00879, 0.97461, -0.24414, 0.67139, 1.22070
1868, 0.04968, 0.01843, 0.97583, 0.30518, 0.42725, 0.24414
1885, 0.05469, 0.02832, 0.97437, 0.67139, 0.24414, -0.36621
1902, 0.02307, 0.01001, 0.97424, 0.79346, 0.61035, 0.48828
1919, -0.01331, -0.01074, 0.97388, 0.79346, 0.48828, 0.79346
1936, -0.01843, -0.01257, 0.97461, 0.85449, 0.42725, 0.73242
1953, -0.01904, -0.01404, 0.97461, 0.79346, 0.36621, 0.61035
1970, -0.02026, -0.01306, 0.97449, 1.15967, 0.30518, 0.79346
1987, -0.01990, -0.01379, 0.97363, 0.91553, 0.48828, 0.79346
2004, -0.02051, -0.01343, 0.97351, 0.79346, 0.42725, 0.61035
2021, -0.01941, -0.01282, 0.97449, 0.79346, 0.67139, 0.67139
2038, -0.02014, -0.01282, 0.97424, 1.09863, 0.79346, 0.73242
2055, -0.02026, -0.01282, 0.97424, 1.15967, 0.48828, 0.73242
2072, -0.01965, -0.01355, 0.97400, 1.58691, 0.36621, 0.79346
2089, -0.01929, -0.01367, 0.97351, 1.58691, 0.48828, 0.91553
2106, -0.01892, -0.01392, 0.97437, 0.97656, 0.61035, 0.85449
2123, -0.01880, -0.01416, 0.97437, 0.91553, 0.61035, 0.79346
2140, -0.01941, -0.01294, 0.97620, 0.91553, 0.54932, 0.73242
2157, -0.01929, -0.01306, 0.97522, 1.09863, 0.48828, 0.79346
2174, -0.01904, -0.01416, 0.97449, 1.09863, 0.36621, 0.91553
2191, -0.01941, -0.01331, 0.97510, 1.34277, 0.61035, 0.91553
2208, -0.01941, -0.01392, 0.97351, 1.46484, 0.67139, 0.73242
2225, -0.01965, -0.01440, 0.97388, 1.40381, 0.79346, 0.91553
2242, -0.01990, -0.01440, 0.97424, 1.22070, 0.79346, 0.67139
2259, -0.01868, -0.01343, 0.97449, 0.85449, 0.67139, 0.67139
2276, -0.01941, -0.01355, 0.97485, 1.40381, 0.91553, 0.85449
2293, -0.02075, -0.01318, 0.97473, 1.58691, 0.97656, 0.79346
2310, -0.02295, -0.01404, 0.97571, 2.13623, 1.34277, 1.09863
2327, -0.04614, -0.03455, 0.97729, 2.86865, 2.25830, 5.49316
2344, -0.01514, -0.00110, 0.98926, 4.15039, 4.33350, 13.48877
in switch loop
2, -0.02173, -0.01575, 0.97839, 0.36621, -2.31934, 0.85449
18, -0.02039, -0.01343, 0.97583, 0.36621, -1.03760, 0.61035
35, -0.02173, -0.01331, 0.97412, 0.97656, -0.54932, 0.48828
52, -0.01965, -0.01208, 0.97510, 1.09863, 0.00000, 0.73242
69, -0.02051, -0.01282, 0.97498, 1.22070, 0.36621, 0.79346
86, -0.02075, -0.01355, 0.97437, 1.64795, 0.18311, 0.79346
103, -0.02051, -0.01416, 0.97473, 1.52588, 0.36621, 0.67139
120, -0.01990, -0.01648, 0.97449, 1.40381, 0.73242, 0.79346
137, -0.01904, -0.01453, 0.97449, 1.34277, 0.79346, 0.67139
154, -0.01978, -0.01428, 0.97327, 0.97656, 0.61035, 0.73242
171, -0.01807, -0.01355, 0.97400, 0.91553, 0.48828, 0.61035
188, -0.02002, -0.01416, 0.97363, 1.03760, 0.30518, 0.91553
205, -0.01953, -0.01392, 0.97412, 0.85449, 0.24414, 0.67139
222, -0.01978, -0.01343, 0.97437, 0.85449, 0.54932, 0.67139
239, -0.01965, -0.01257, 0.97534, 0.91553, 0.54932, 0.73242
256, -0.01892, -0.01331, 0.97388, 1.09863, 0.48828, 0.79346
273, -0.01941, -0.01416, 0.97485, 0.97656, 0.36621, 0.79346
290, -0.01978, -0.01428, 0.97424, 1.15967, 0.48828, 0.79346
307, -0.01917, -0.01379, 0.97485, 1.22070, 0.42725, 0.67139
324, -0.01929, -0.01526, 0.97473, 0.85449, 0.48828, 0.61035
341, -0.01965, -0.01367, 0.97388, 0.91553, 0.48828, 0.67139
358, -0.01929, -0.01379, 0.97412, 1.03760, 0.36621, 0.61035
375, -0.01965, -0.01379, 0.97473, 0.79346, 0.48828, 0.67139
392, -0.02039, -0.01282, 0.97473, 0.79346, 0.24414, 0.61035
409, -0.01733, -0.01636, 0.97510, 0.73242, 0.18311, 0.42725
426, 0.10767, -0.09265, 0.97437, 0.85449, 0.18311, -6.46973
443, -0.15393, 0.04443, 0.97217, 1.22070, 0.24414, -9.39941
460, 0.06152, -0.11768, 0.97363, 0.67139, 0.42725, -4.02832
477, 0.06921, -0.13159, 0.97253, 0.42725, 0.67139, -0.79346
494, -0.00317, -0.14880, 0.97571, 0.67139, 0.48828, 1.22070
511, -0.04529, -0.08386, 0.97485, 0.97656, 0.06104, 3.11279
528, -0.03796, -0.11755, 0.97839, 0.91553, 0.24414, 3.17383
546, -0.05359, -0.13513, 0.97949, 1.28174, 0.18311, 4.76074
563, -0.06018, -0.18872, 0.96460, 0.67139, 0.61035, 9.88770
580, -0.09009, -0.17212, 0.96606, -0.12207, 0.42725, 14.70947
597, -0.12439, -0.12231, 0.98071, 0.61035, 0.48828, 16.17432
614, -0.14490, -0.22546, 0.97314, 0.91553, 0.18311, 18.06641
631, -0.17285, -0.23938, 0.97620, 0.67139, 0.18311, 34.97314
648, -0.17163, -0.20239, 0.96863, 0.97656, 0.24414, 51.08643
665, -0.15955, -0.10803, 0.97339, -0.24414, 1.15967, 58.83789
682, -0.18079, -0.08569, 0.97473, 1.22070, 2.13623, 60.97412
699, -0.18079, -0.02783, 0.97339, -0.24414, 1.22070, 64.81934
716, -0.22314, -0.03503, 0.97241, -0.18311, 0.79346, 72.08252
733, -0.22192, 0.07886, 0.97131, 1.03760, 0.85449, 74.03564
750, -0.23804, 0.03821, 0.97925, 2.80762, 1.46484, 75.13428
767, -0.26074, 0.12952, 0.97070, 2.50244, 0.85449, 80.74951
784, -0.24438, 0.20142, 0.97046, 1.09863, 1.64795, 83.25195
801, -0.22571, 0.23889, 0.97400, 0.06104, 1.52588, 81.23779
818, -0.16040, 0.29687, 0.97290, 0.48828, 2.01416, 77.57568
835, -0.16589, 0.33325, 0.97522, -0.30518, 2.07520, 76.41602
852, -0.13757, 0.44788, 0.96777, 1.03760, 2.56348, 74.70703
869, -0.07410, 0.45715, 0.97595, 1.58691, 1.64795, 62.13379
886, -0.09802, 0.44519, 0.97498, 1.95312, 1.70898, 45.53223
903, -0.06677, 0.39917, 0.96594, 1.83105, 1.40381, 24.35303
920, -0.03992, 0.29028, 0.98047, 3.23486, 1.34277, 1.09863
937, -0.03760, 0.31750, 0.97302, 1.03760, 1.89209, 12.63428
954, -0.05444, 0.36609, 0.97412, 1.52588, 0.85449, 2.50244
971, -0.03809, 0.35095, 0.96985, 1.83105, 1.09863, -11.84082
988, -0.08057, 0.31445, 0.97241, 2.62451, 0.61035, -27.52686
1005, -0.08472, 0.22534, 0.97827, 1.77002, -1.09863, -40.16113
1022, -0.11682, 0.08118, 0.97522, -1.34277, -1.22070, -45.41016
1039, -0.10132, 0.04468, 0.97583, 1.83105, -0.48828, -44.06738
1056, -0.16919, 0.04858, 0.96912, 3.54004, -0.36621, -48.58398
1073, -0.12329, -0.01477, 0.97681, 4.02832, 1.64795, -47.24121
1090, -0.17603, -0.02563, 0.97070, 4.39453, 0.85449, -51.33057
1107, -0.19470, -0.17078, 0.97485, -0.85449, -0.48828, -53.40576
1124, -0.20654, -0.15295, 0.97461, -2.07520, -0.54932, -47.42432
1141, -0.15979, -0.32520, 0.97803, 1.46484, -1.03760, -53.46680
1158, -0.12256, -0.36401, 0.97046, 2.38037, 0.67139, -41.87012
1175, -0.11755, -0.37024, 0.97461, -2.01416, 1.03760, -32.83691
1192, -0.09399, -0.40051, 0.97729, -0.91553, 1.70898, -30.21240
1209, -0.07275, -0.40356, 0.97144, 1.89209, 1.70898, -24.90234
1226, -0.05457, -0.46497, 0.96643, 3.41797, 1.09863, -24.53613
1243, -0.01270, -0.45166, 0.96973, 1.83105, 0.42725, -20.20264
1260, 0.06714, -0.44617, 0.96973, 1.40381, -0.18311, -13.85498
1277, 0.05847, -0.41040, 0.97266, -0.67139, -0.54932, -8.66699
1294, 0.12390, -0.39294, 0.97388, -1.40381, -0.18311, -7.87354
1311, 0.13245, -0.43396, 0.97400, -1.83105, -0.12207, -8.11768
1328, 0.16467, -0.36267, 0.97974, -1.09863, 0.06104, -7.50732
1345, 0.16797, -0.36914, 0.97815, 1.40381, -0.12207, -4.88281
1362, 0.17615, -0.30786, 0.97913, 2.25830, 1.15967, -2.86865
1379, 0.17871, -0.31128, 0.97314, 6.83594, -0.24414, 8.91113
1396, 0.18616, -0.22913, 0.96326, 3.96729, -0.67139, 19.22607
1413, 0.21948, -0.12073, 0.99158, -6.71387, 2.68555, 18.31055
1430, 0.20349, -0.12854, 0.97095, -2.99072, -0.36621, 26.30615
1447, 0.23242, -0.06946, 0.96716, -1.09863, 5.49316, 27.28271
1464, 0.22620, -0.02185, 0.98157, 13.73291, 1.70898, 28.74756
1481, 0.22546, 0.04358, 0.96826, 5.67627, 2.13623, 25.39063
1498, 0.18921, 0.02917, 0.96851, -6.71387, 0.54932, 22.21680
1515, 0.16956, -0.01416, 0.97034, -5.55420, -0.73242, 26.42822
1532, 0.17139, -0.02551, 0.98010, 0.42725, 0.30518, 19.10400
1549, 0.18494, 0.02161, 0.97900, 4.21143, 0.54932, 25.32959
1566, 0.19543, 0.17285, 0.97473, 5.92041, 0.61035, 45.59326
1582, 0.20374, 0.31177, 0.97803, 1.64795, 1.28174, 45.95947
1599, 0.18555, 0.34204, 0.97144, 0.36621, 0.67139, 38.02490
1615, 0.15833, 0.33191, 0.97742, -1.28174, 0.85449, 33.87451
1632, 0.11426, 0.30261, 0.97144, 2.01416, 0.79346, 27.89307
1649, 0.10486, 0.35730, 0.97241, 2.38037, 0.36621, 21.85059
1666, 0.06116, 0.41125, 0.98120, 1.22070, 0.06104, 17.88330
1683, 0.02271, 0.43616, 0.97534, 1.40381, -0.48828, 14.52637
1700, 0.09631, 0.39844, 0.97729, 2.01416, -0.97656, 10.00977
1717, -0.00037, 0.41199, 0.97668, -0.73242, -0.73242, 3.17383
1734, -0.02844, 0.36536, 0.97852, 0.79346, 0.12207, -3.35693
1751, -0.03772, 0.31433, 0.97522, 0.00000, 0.12207, -9.21631
1768, -0.07031, 0.22070, 0.98218, 2.01416, 0.61035, -16.72363
1785, -0.07739, 0.28625, 0.97668, 1.77002, 0.97656, -17.21191
1802, -0.03162, 0.21545, 0.97168, 2.25830, 1.03760, -22.15576
1819, -0.08411, 0.19397, 0.97656, -0.36621, 0.30518, -20.99609
1836, -0.06238, 0.16968, 0.97522, 0.36621, -0.12207, -25.69580
1853, -0.03467, 0.16772, 0.96826, 0.61035, -0.06104, -28.19824
1870, -0.02686, 0.14502, 0.97852, 0.91553, 1.03760, -34.91211
1887, -0.01794, 0.08154, 0.97986, -0.42725, -0.42725, -42.05322
1904, -0.00391, 0.07373, 0.97681, -0.12207, -0.61035, -40.95459
1921, 0.03455, 0.03589, 0.97363, -0.54932, -0.42725, -40.10010
1938, 0.04041, -0.00281, 0.97644, 2.25830, -0.61035, -35.94971
1955, 0.06006, 0.00549, 0.97717, 5.92041, -0.42725, -38.02490
1972, 0.04321, -0.04785, 0.96594, 1.58691, 0.06104, -42.23633
1989, 0.04053, -0.09424, 0.97424, 1.46484, 1.03760, -45.53223
2006, 0.01331, -0.19165, 0.97571, 2.68555, 0.85449, -47.97363
2023, 0.03162, -0.25452, 0.96851, 4.76074, -0.06104, -47.36328
2040, 0.01892, -0.22339, 0.97192, 0.85449, -0.18311, -46.02051
2057, -0.02930, -0.27722, 0.96741, -2.31934, -0.18311, -40.22217
2074, -0.06091, -0.25000, 0.97534, -1.46484, 0.42725, -36.49902
2091, -0.04932, -0.28931, 0.97559, 0.42725, 0.48828, -32.16553
2108, -0.09009, -0.30188, 0.97278, 0.42725, 0.12207, -29.41895
2125, -0.11804, -0.29089, 0.97278, 0.85449, -0.24414, -28.99170
2142, -0.13306, -0.27112, 0.97412, 1.64795, -0.61035, -30.02930
2159, -0.16846, -0.26636, 0.97375, 2.74658, -0.24414, -26.24512
2176, -0.16003, -0.23816, 0.97095, 0.36621, -0.12207, -24.10889
2193, -0.14099, -0.23132, 0.96887, 0.12207, -0.24414, -22.58301
2210, -0.08069, -0.20300, 0.97693, 1.34277, -0.18311, -24.41406
2227, -0.25085, -0.12390, 0.96472, 2.31934, -0.48828, -22.03369
2244, -0.19763, -0.10559, 0.97742, 2.13623, 0.00000, -15.19775
2261, -0.20264, -0.12732, 0.97205, 1.77002, 0.06104, -11.35254
2278, -0.22046, -0.10510, 0.96997, 2.01416, 0.42725, -6.34766
2295, -0.20752, -0.04260, 0.96887, 1.83105, 0.48828, -3.60107
2312, -0.22644, -0.02808, 0.97546, 2.13623, 1.52588, 0.36621
2329, -0.18420, 0.00354, 0.97009, 0.97656, 1.03760, 8.17871
2346, -0.15869, -0.00391, 0.97278, -1.03760, 1.09863, 11.96289
2363, -0.12927, 0.08948, 0.97681, -1.22070, 0.48828, 15.01465
2380, -0.10400, 0.13892, 0.97217, -0.73242, 0.61035, 9.52148
2397, -0.07922, 0.03052, 0.97156, 0.48828, 0.79346, 10.55908
2414, -0.10352, 0.03040, 0.97327, 0.00000, 0.79346, 22.15576
2431, -0.10791, 0.02698, 0.97253, 0.85449, 0.54932, 22.39990
2448, -0.09985, 0.02246, 0.97400, 0.79346, 1.09863, 23.49854
2465, -0.06360, 0.08594, 0.97339, 0.48828, 0.48828, 24.96338
2482, -0.04041, 0.12878, 0.97534, 0.48828, 0.85449, 24.29199
2499, -0.01953, 0.13037, 0.97681, 0.85449, 0.54932, 17.45605
2516, 0.00134, 0.17737, 0.97314, 1.03760, 0.61035, 12.45117
2533, 0.02979, 0.23633, 0.97498, 0.85449, 0.61035, 7.87354
2550, 0.00342, 0.14087, 0.97571, 0.91553, 0.42725, -1.34277
2567, -0.02124, -0.00830, 0.97412, 1.70898, 0.36621, 0.97656
2584, -0.02246, -0.01172, 0.97412, 2.25830, 0.18311, 0.97656
2601, -0.02185, -0.01294, 0.97241, 1.95312, 0.30518, 1.03760
2618, -0.02429, -0.01282, 0.97302, 1.52588, 0.48828, 1.46484
2635, -0.04114, -0.02283, 0.97290, 1.40381, 0.67139, 6.95801
2652, -0.00989, -0.00464, 0.97400, 0.97656, 0.79346, 13.73291
2669, -0.01807, -0.01233, 0.97363, 1.28174, 0.54932, 6.16455
2686, -0.01746, -0.01062, 0.97339, 1.28174, 0.73242, 3.35693
2703, -0.02002, -0.01196, 0.97388, 0.85449, 0.42725, 1.22070
2720, -0.02014, -0.01147, 0.97473, 1.28174, 0.36621, 0.85449
2737, -0.02039, -0.01172, 0.97424, 1.40381, 0.73242, 0.91553
2754, -0.02136, -0.01123, 0.97498, 1.83105, 0.97656, 0.85449
2771, -0.02209, -0.01318, 0.97400, 2.19727, 1.15967, 1.22070
2788, -0.02563, -0.01599, 0.97644, 2.86865, 1.28174, 1.83105
in switch loop
1, -0.03442, -0.00818, 0.98511, 0.61035, -1.40381, 1.03760
18, -0.02124, -0.01563, 0.97510, 0.73242, -0.48828, 0.79346
35, -0.02075, -0.01306, 0.97498, -0.24414, -0.30518, 0.67139
52, -0.01978, -0.01184, 0.97485, 0.30518, -0.06104, 0.79346
69, -0.02173, -0.01147, 0.97461, 0.67139, 0.18311, 0.79346
86, -0.02161, -0.01086, 0.97461, 0.54932, 0.24414, 0.73242
103, -0.01978, -0.01147, 0.97473, 1.15967, 0.54932, 0.85449
120, -0.02014, -0.01111, 0.97412, 1.64795, 0.54932, 0.79346
137, -0.01941, -0.01306, 0.97559, 1.83105, 0.73242, 0.85449
154, -0.02039, -0.01440, 0.97437, 2.01416, 0.67139, 1.03760
171, -0.02039, -0.01440, 0.97437, 1.64795, 0.67139, 0.97656
188, -0.01990, -0.01331, 0.97607, 1.03760, 0.67139, 0.79346
205, -0.01965, -0.01428, 0.97583, 0.97656, 0.85449, 0.79346
222, -0.02014, -0.01257, 0.97412, 1.03760, 0.79346, 0.73242
239, -0.02026, -0.01343, 0.97424, 0.97656, 0.67139, 0.67139
256, -0.01965, -0.01331, 0.97375, 1.22070, 0.48828, 0.73242
273, -0.01941, -0.01379, 0.97498, 0.97656, 0.42725, 0.79346
290, -0.02026, -0.01306, 0.97363, 0.67139, 0.48828, 0.79346
307, -0.01965, -0.01282, 0.97461, 0.91553, 0.54932, 0.67139
324, -0.01965, -0.01270, 0.97473, 1.15967, 0.48828, 0.67139
341, -0.01941, -0.01355, 0.97559, 1.03760, 0.48828, 0.67139
358, -0.01953, -0.01294, 0.97510, 1.22070, 0.36621, 0.73242
375, -0.01990, -0.01367, 0.97449, 1.03760, 0.54932, 0.79346
392, -0.01978, -0.01392, 0.97498, 0.97656, 0.48828, 0.67139
409, -0.02026, -0.01404, 0.97449, 0.79346, 0.54932, 0.67139
426, -0.02026, -0.01318, 0.97583, 0.85449, 0.54932, 0.54932
443, -0.01929, -0.01367, 0.97449, 0.54932, 0.48828, 0.30518
460, -0.02014, -0.01245, 0.97620, 0.61035, 0.48828, 0.42725
477, -0.02600, -0.10754, 0.97424, 1.03760, 0.24414, -4.21143
494, -0.01807, -0.01917, 0.97388, 1.52588, -0.12207, -22.39990
511, -0.01111, -0.06641, 0.97559, 1.40381, -0.24414, -21.54541
528, -0.02209, -0.10461, 0.97424, 0.97656, -0.18311, -28.19824
545, -0.01538, -0.11560, 0.97449, 0.61035, -0.18311, -31.37207
562, -0.04419, -0.25464, 0.97327, 0.97656, -0.18311, -25.08545
579, -0.06616, -0.25195, 0.97327, 0.85449, 0.12207, -4.33350
596, -0.08655, -0.23193, 0.97510, 0.48828, 0.42725, 2.68555
613, -0.10828, -0.22449, 0.97522, 1.52588, 0.30518, 7.26318
630, -0.12024, -0.20496, 0.97241, 1.28174, 0.48828, 15.38086
647, -0.11267, -0.16809, 0.97803, 0.00000, 0.67139, 17.51709
664, -0.12390, -0.25403, 0.97290, 1.03760, 0.85449, 23.98682
681, -0.13000, -0.21570, 0.98230, 1.40381, 0.30518, 36.13281
698, -0.16370, -0.18945, 0.96411, 1.34277, 0.24414, 39.42871
715, -0.18188, -0.14148, 0.96912, -0.73242, 1.22070, 49.31641
732, -0.22192, -0.18933, 0.97363, 1.09863, 1.28174, 57.73926
749, -0.24939, -0.16235, 0.97156, 2.86865, 0.18311, 66.65039
766, -0.28760, -0.14709, 0.97131, 1.89209, 1.58691, 78.55225
783, -0.30566, -0.02380, 0.99438, 0.97656, 1.77002, 94.36035
800, -0.35999, -0.03760, 0.97192, 5.18799, 0.48828, 105.71289
817, -0.32141, 0.27930, 0.97546, 4.51660, 0.79346, 117.00439
834, -0.34009, 0.34399, 0.95300, 1.34277, 1.28174, 112.12158
851, -0.21729, 0.55481, 0.99426, 0.48828, 0.61035, 112.79297
868, -0.17273, 0.63599, 0.97742, 10.19287, -0.73242, 98.69385
885, -0.08496, 0.57800, 0.97571, 3.29590, 1.77002, 92.34619
902, -0.13281, 0.63647, 0.98596, 6.77490, 1.95312, 91.06445
919, -0.13599, 0.63428, 0.94177, 7.14111, 2.92969, 75.80566
936, -0.07397, 0.65125, 0.99976, -7.44629, 2.68555, 61.76758
953, -0.17407, 0.55322, 0.93542, -1.40381, 1.03760, 31.79932
970, -0.07483, 0.49011, 1.00623, -8.48389, 1.09863, 8.05664
987, -0.12683, 0.39417, 0.96643, 1.77002, 0.73242, -8.66699
1004, -0.14856, 0.32629, 0.98828, 5.49316, 0.73242, -22.52197
1021, -0.10193, 0.29272, 0.99402, -1.95312, -0.79346, -29.78516
1038, -0.15857, 0.27637, 0.98120, -3.11279, 1.58691, -41.80908
1055, -0.13513, 0.22095, 0.95618, -0.06104, -1.58691, -58.59375
1072, -0.14856, 0.09888, 0.97217, 0.85449, -0.73242, -63.78174
1089, -0.14478, 0.03381, 0.98120, 1.28174, 0.30518, -65.12451
1106, -0.19421, -0.09058, 0.95911, 4.51660, 0.73242, -73.24219
1123, -0.16638, -0.24500, 0.98157, 4.51660, 2.50244, -71.10596
1140, -0.16113, -0.34790, 0.96594, 0.00000, -1.77002, -68.17627
1157, -0.16895, -0.27795, 0.98193, -3.84521, 0.06104, -57.00684
1174, -0.09045, -0.46765, 0.96619, 2.62451, 0.42725, -63.11035
1191, -0.05811, -0.64502, 0.96619, -2.92969, 0.42725, -50.41504
1208, -0.01685, -0.60974, 0.97681, -3.11279, 1.64795, -35.27832
1225, 0.05566, -0.63684, 0.97961, 1.70898, 1.03760, -33.02002
1242, 0.06323, -0.59546, 0.97388, 3.60107, 0.24414, -20.87402
1259, 0.11902, -0.58740, 0.97290, 1.83105, -0.91553, -12.81738
1276, 0.13391, -0.56238, 0.98096, -0.06104, -0.06104, -7.69043
1293, 0.13525, -0.55408, 0.96521, 0.18311, 0.06104, -5.98145
1310, 0.19629, -0.57532, 0.97705, -1.34277, 0.91553, -2.01416
1327, 0.15918, -0.47852, 0.97083, -3.96729, -0.18311, 13.06152
1344, 0.18103, -0.45874, 0.97705, 0.12207, 1.09863, 22.21680
1361, 0.16833, -0.42456, 0.96887, 3.47900, 1.64795, 33.26416
1378, 0.20972, -0.27332, 0.97485, 10.13184, -0.42725, 40.52734
1395, 0.21973, -0.16248, 0.95996, 1.89209, 0.79346, 43.64014
1412, 0.23840, -0.12134, 1.00488, -6.89697, 3.17383, 47.42432
1429, 0.23132, -0.07910, 0.95410, -12.26807, 3.41797, 58.16650
1446, 0.24280, -0.10901, 0.94922, 19.16504, 3.90625, 58.22754
1463, 0.23804, 0.08472, 0.98242, 14.46533, 1.58691, 51.57471
1480, 0.21460, -0.05872, 0.97473, 3.05176, 1.09863, 51.81885
1497, 0.16968, -0.01416, 0.96838, -7.08008, -0.85449, 54.93164
1514, 0.16248, 0.05493, 0.97534, -2.07520, -0.42725, 56.33545
1531, 0.13098, 0.10120, 0.98340, 0.97656, 1.40381, 55.35889
1548, 0.11499, 0.10083, 0.96387, 3.47900, 1.95312, 59.08203
1565, 0.14465, 0.24255, 0.97363, 1.89209, 1.34277, 58.28857
1582, 0.13794, 0.29810, 0.96826, -1.34277, 0.79346, 47.48535
1599, 0.10938, 0.33044, 0.97546, 1.70898, -0.12207, 36.98730
1616, 0.10596, 0.36133, 0.97559, -0.73242, -0.97656, 29.29688
1633, 0.10486, 0.39429, 0.97278, -0.18311, -0.97656, 28.44238
1650, 0.08643, 0.45166, 0.97009, 0.12207, 0.85449, 24.23096
1667, 0.05811, 0.49365, 0.97205, 3.11279, -0.12207, 17.15088
1684, -0.01953, 0.53442, 0.96997, 2.31934, 0.18311, 14.09912
1701, -0.03931, 0.53186, 1.01208, 5.49316, 1.15967, 8.72803
1718, -0.04004, 0.55115, 0.90735, 19.40918, 3.17383, 2.80762
1735, -0.07898, 0.51208, 0.98914, -10.62012, -3.78418, -13.00049
1752, -0.09753, 0.32996, 0.98230, -5.06592, -1.89209, -17.63916
1769, -0.18140, 0.31946, 0.98181, 2.38037, -0.48828, -21.30127
1786, -0.13721, 0.24683, 0.97363, 2.07520, -0.18311, -25.39063
1803, -0.12695, 0.21399, 0.96680, -1.95312, -0.24414, -23.55957
1820, -0.13147, 0.15857, 0.97974, 2.07520, 1.28174, -21.72852
1837, -0.10486, 0.21045, 0.96582, 4.63867, 1.03760, -28.99170
1854, -0.09790, 0.16882, 0.95874, 4.02832, 0.42725, -40.58838
1871, -0.05347, 0.19299, 0.97046, -1.40381, 0.79346, -60.05859
1888, -0.04993, 0.05127, 0.97815, 0.24414, -0.30518, -51.20850
1905, -0.02405, 0.12244, 0.97266, -0.06104, -1.52588, -49.43848
1922, -0.01270, 0.05481, 0.97742, -0.36621, -1.03760, -54.74854
1939, 0.00098, 0.00122, 0.96960, 0.67139, -0.91553, -56.51855
1956, 0.01184, -0.08240, 0.98840, 4.45557, -0.42725, -50.17090
1973, -0.00732, -0.05847, 0.97339, 1.34277, 0.06104, -54.32129
1990, -0.04150, -0.16333, 0.98535, 2.50244, 1.89209, -57.61719
2007, -0.01611, -0.24194, 0.97595, 5.43213, 0.30518, -57.55615
2024, -0.00781, -0.24438, 0.97168, -0.54932, -0.48828, -53.03955
2041, -0.02698, -0.33691, 0.97583, -2.25830, -0.30518, -50.29297
2058, -0.02209, -0.33997, 0.98230, -1.52588, 0.42725, -44.49463
2075, -0.02527, -0.32129, 0.97595, 0.42725, 0.30518, -43.27393
2092, -0.04407, -0.35352, 0.97449, 1.89209, -0.79346, -39.24561
2109, -0.03430, -0.33350, 0.97327, 1.58691, -1.52588, -35.88867
2126, -0.03381, -0.33118, 0.97717, 0.48828, -0.54932, -32.47070
2143, -0.08118, -0.31360, 0.97375, 1.03760, 0.24414, -30.21240
2160, -0.09875, -0.28125, 0.97498, 0.91553, 0.06104, -30.21240
2177, -0.10474, -0.25171, 0.96924, 1.89209, -0.24414, -30.57861
2194, -0.11084, -0.23938, 0.97046, 1.28174, -0.24414, -28.68652
2211, -0.15759, -0.21814, 0.97205, 0.97656, 0.36621, -26.61133
2228, -0.26062, -0.10767, 0.97131, 1.46484, 0.12207, -29.23584
2245, -0.20691, -0.13818, 0.97388, 2.01416, -0.42725, -29.72412
2262, -0.14233, -0.15088, 0.97388, 2.13623, -0.61035, -29.41895
2279, -0.17615, -0.13953, 0.97058, 0.73242, 0.00000, -22.70508
2296, -0.12598, -0.09558, 0.97864, -0.30518, 0.48828, -12.69531
2313, -0.11975, -0.08984, 0.97839, 2.19727, 0.42725, -5.55420
2330, -0.10779, -0.10181, 0.97632, 3.90625, 0.00000, -2.44141
2347, -0.11853, 0.00708, 0.97168, 3.96729, 0.36621, 3.23486
2364, -0.07068, -0.02673, 0.97473, 3.66211, 0.97656, 0.67139
2381, -0.09497, -0.03674, 0.96472, 1.28174, 1.22070, 5.67627
2398, -0.08643, -0.00842, 0.97693, -0.97656, 1.52588, 10.25391
2415, -0.11987, -0.00085, 0.96729, -0.54932, 0.67139, 8.60596
2432, -0.11194, 0.01501, 0.97778, -1.83105, 0.54932, 7.75146
2449, -0.09814, -0.01208, 0.97009, -0.79346, 0.36621, 10.86426
2466, -0.12170, 0.01318, 0.97278, -0.18311, 0.48828, 18.00537
2483, -0.11792, 0.09924, 0.97229, 0.48828, 0.00000, 18.85986
2500, -0.09460, 0.11926, 0.97412, 1.09863, 0.36621, 13.54980
2517, -0.08167, 0.07288, 0.97534, 1.03760, 0.24414, 10.92529
2534, -0.06226, 0.11169, 0.97156, 0.61035, 0.36621, 16.11328
2551, -0.04712, 0.16284, 0.97473, 0.42725, 0.67139, 16.78467
2568, -0.03784, 0.15442, 0.97351, 0.79346, 0.61035, 18.92090
2585, -0.02405, 0.22131, 0.97424, 1.09863, 0.54932, 18.18848
2602, -0.01306, 0.25171, 0.97388, 0.97656, 0.61035, 7.75146
2619, -0.02136, 0.16895, 0.97681, 1.03760, 0.30518, 0.42725
2636, -0.02234, -0.00989, 0.97546, 1.77002, 0.24414, 1.34277
2653, -0.02234, -0.01501, 0.97327, 2.44141, 0.18311, 1.52588
2670, -0.04370, -0.02795, 0.97253, 1.83105, 0.61035, 3.47900
2687, -0.01111, -0.00708, 0.97437, 0.79346, 0.79346, 13.91602
2704, -0.01941, -0.01147, 0.97400, 0.97656, 0.67139, 8.36182
2721, -0.01575, -0.01025, 0.97363, 0.97656, 0.61035, 5.79834
2738, -0.01904, -0.01318, 0.97461, 1.09863, 0.48828, 2.25830
2755, -0.02014, -0.01294, 0.97400, 0.97656, 0.48828, 0.91553
2772, -0.02100, -0.01257, 0.97437, 0.97656, 0.42725, 0.79346
2789, -0.02124, -0.01257, 0.97437, 1.03760, 0.42725, 0.79346
2806, -0.02185, -0.01294, 0.97363, 1.34277, 0.54932, 0.79346
2823, -0.02075, -0.01294, 0.97363, 1.28174, 0.30518, 0.79346
2840, -0.02039, -0.01367, 0.97400, 1.34277, 0.42725, 0.79346
2857, -0.02136, -0.01404, 0.97461, 1.34277, 0.61035, 0.85449
2874, -0.02258, -0.01465, 0.97388, 1.15967, 0.73242, 0.91553
2891, -0.04407, -0.03479, 0.97327, 1.28174, 0.85449, 4.02832
2908, -0.01587, -0.00732, 0.97437, 1.15967, 0.85449, 11.84082
2925, -0.02429, -0.01709, 0.97363, 1.40381, 0.97656, 8.78906
2942, -0.01672, -0.01062, 0.97351, 1.58691, 1.09863, 10.43701
2959, -0.02734, -0.02002, 0.97473, 1.58691, 1.40381, 9.21631
2976, -0.02258, -0.01575, 0.97449, 1.64795, 1.70898, 12.08496
in switch loop
2, -0.03430, -0.00818, 1.02124, -1.15967, -1.77002, 0.85449
18, -0.01843, -0.01074, 0.97949, -1.77002, -2.31934, 0.54932
35, -0.02161, -0.01025, 0.97693, -0.67139, -1.34277, 0.61035
52, -0.02124, -0.01111, 0.97473, 0.67139, -0.73242, 0.85449
69, -0.02148, -0.01111, 0.97473, 1.03760, -0.18311, 0.85449
86, -0.02087, -0.01147, 0.97449, 1.28174, 0.06104, 0.79346
103, -0.02063, -0.01355, 0.97485, 1.70898, 0.24414, 0.91553
120, -0.02075, -0.01392, 0.97412, 1.28174, 0.61035, 0.91553
137, -0.01978, -0.01331, 0.97424, 0.73242, 0.61035, 0.79346
154, -0.02112, -0.01294, 0.97498, 0.91553, 0.79346, 0.85449
171, -0.01953, -0.01147, 0.97559, 1.09863, 0.97656, 0.73242
188, -0.01880, -0.01245, 0.97571, 1.15967, 1.15967, 0.54932
205, -0.01855, -0.01196, 0.97498, 1.28174, 0.85449, 0.67139
222, -0.01941, -0.01306, 0.97424, 1.22070, 0.79346, 0.79346
239, -0.01929, -0.01294, 0.97546, 0.97656, 0.73242, 0.67139
256, -0.01904, -0.01184, 0.97473, 1.03760, 0.61035, 0.73242
273, -0.01892, -0.01318, 0.97485, 1.09863, 0.48828, 0.79346
290, -0.01904, -0.01233, 0.97437, 1.09863, 0.73242, 0.67139
307, -0.01904, -0.01294, 0.97437, 1.22070, 0.30518, 0.79346
324, -0.01917, -0.01257, 0.97510, 1.09863, 0.42725, 0.79346
341, -0.01953, -0.01221, 0.97485, 1.03760, 0.36621, 0.85449
358, -0.01929, -0.01306, 0.97363, 1.22070, 0.42725, 0.67139
375, -0.01929, -0.01355, 0.97449, 1.15967, 0.36621, 0.73242
392, -0.01904, -0.01318, 0.97510, 0.79346, 0.30518, 0.67139
409, -0.01953, -0.01111, 0.97473, 1.09863, 0.36621, 0.85449
426, -0.02026, -0.01196, 0.97510, 1.15967, 0.42725, 0.67139
443, -0.01880, -0.01318, 0.97424, 0.97656, 0.24414, 0.61035
460, -0.01746, -0.01196, 0.97424, 0.97656, 0.30518, 0.67139
477, -0.02039, -0.01465, 0.97510, 0.61035, 0.12207, 0.54932
495, -0.01794, -0.01477, 0.97485, 0.06104, 0.00000, 0.48828
512, 0.28064, -0.19849, 0.97852, 0.48828, 0.12207, -0.73242
529, -0.08252, 0.01599, 0.97412, 1.58691, 0.36621, -17.21191
546, -0.00732, -0.07983, 0.97534, 0.42725, 0.12207, -15.86914
563, 0.03101, -0.16187, 0.97400, 0.30518, -0.06104, -21.66748
580, 0.00415, -0.21228, 0.97498, 0.73242, -0.06104, -16.78467
597, -0.02502, -0.23462, 0.97388, 0.42725, 0.12207, -4.69971
614, -0.04846, -0.21606, 0.97388, 0.06104, 0.67139, 5.92041
631, -0.05017, -0.17590, 0.97571, 0.54932, 0.12207, 8.78906
648, -0.05701, -0.17175, 0.97424, 1.09863, -0.06104, 6.95801
665, -0.08057, -0.20764, 0.97510, 1.03760, 0.18311, 5.67627
682, -0.11548, -0.21606, 0.97534, 1.22070, -0.06104, 9.03320
699, -0.13464, -0.25757, 0.97534, 1.34277, -0.24414, 13.79395
716, -0.18921, -0.15918, 0.97473, 0.18311, 0.24414, 25.45166
733, -0.18530, -0.10095, 0.97424, 2.13623, 0.85449, 32.77588
750, -0.20837, -0.08850, 0.97559, 1.03760, 0.42725, 34.24072
767, -0.21069, -0.10669, 0.97095, -0.24414, 0.85449, 36.98730
784, -0.22046, -0.09619, 0.97534, 0.30518, 1.40381, 39.24561
801, -0.26404, -0.11829, 0.97717, 3.35693, 0.12207, 41.68701
818, -0.28979, -0.07910, 0.97107, 1.40381, 1.15967, 50.96436
835, -0.26672, -0.01428, 0.97778, 2.74658, 1.52588, 62.50000
852, -0.27515, 0.08118, 0.97351, 0.79346, 1.15967, 66.95557
869, -0.30176, 0.01514, 0.96460, 4.08936, 1.15967, 69.15283
886, -0.25952, 0.19019, 0.97229, 0.18311, 1.70898, 74.95117
903, -0.19397, 0.26904, 0.98560, -2.07520, 2.62451, 75.50049
920, -0.22937, 0.26819, 0.97095, 5.55420, 0.42725, 70.73975
937, -0.19519, 0.32373, 0.97217, 7.69043, 0.18311, 62.86621
954, -0.13562, 0.30786, 0.97437, 2.13623, 3.47900, 55.78613
971, -0.16626, 0.33081, 0.97437, -1.58691, 4.08936, 54.56543
988, -0.11340, 0.25928, 0.97949, -0.30518, 2.13623, 44.00635
1005, -0.04895, 0.31018, 0.97791, 1.70898, 0.85449, 39.73389
1022, -0.02124, 0.34790, 0.95215, 2.31934, 2.44141, 33.99658
1039, 0.05249, 0.33044, 0.98718, 0.00000, 0.00000, 25.81787
1056, 0.03748, 0.32605, 0.97083, 1.15967, 2.01416, 21.36230
1073, 0.14026, 0.29944, 0.97937, 1.64795, -0.61035, 14.46533
1090, 0.18250, 0.35718, 0.97119, 2.19727, 1.28174, 9.76562
1107, 0.24829, 0.40540, 0.97461, 1.03760, 1.40381, 0.06104
1124, 0.23950, 0.34631, 0.96765, 1.28174, -1.03760, -14.40430
1141, 0.29211, 0.30725, 0.98022, -0.30518, -1.58691, -27.70996
1158, 0.29932, 0.13684, 0.97607, -1.58691, -0.36621, -26.67236
1175, 0.31482, 0.17004, 0.97498, -0.67139, -0.42725, -28.13721
1192, 0.35840, 0.13831, 0.97339, 3.11279, 0.12207, -31.49414
1209, 0.38123, 0.11206, 0.97974, 3.23486, 0.30518, -34.05762
1226, 0.39197, 0.22034, 0.97058, 0.42725, -0.67139, -42.17529
1243, 0.35132, 0.10474, 0.97961, -1.64795, 0.24414, -51.26953
1260, 0.27893, -0.01147, 0.97913, -1.58691, 0.00000, -53.40576
1277, 0.31323, 0.00757, 0.96570, 0.42725, -0.30518, -48.95020
1294, 0.27197, -0.08423, 0.97607, -0.85449, -1.46484, -58.16650
1311, 0.21265, -0.15332, 0.97217, 2.07520, -0.42725, -55.29785
1328, 0.14709, -0.19373, 0.96802, 1.58691, -0.42725, -50.72021
1345, 0.15759, -0.05640, 0.96838, 0.79346, 0.30518, -45.04395
1362, 0.09631, -0.23401, 0.97302, 2.99072, -0.12207, -49.31641
1379, -0.17407, -0.40491, 0.97131, 3.84521, 0.24414, -44.43359
1396, -0.08936, -0.24280, 0.98071, 3.54004, -0.30518, -40.83252
1413, -0.06909, -0.27942, 0.97351, 1.89209, -0.48828, -37.96387
1430, -0.07727, -0.19666, 0.97229, 0.06104, -0.36621, -31.92139
1447, -0.12024, -0.13611, 0.97449, -0.06104, -0.12207, -24.65820
1464, -0.19690, -0.11340, 0.97314, 1.77002, -0.36621, -26.18408
1481, -0.23657, -0.12793, 0.98132, 3.35693, -0.12207, -27.28271
1498, -0.31921, -0.16064, 0.96973, 4.33350, 0.30518, -29.29688
1515, -0.33972, -0.19092, 0.96289, 4.57764, -0.24414, -27.83203
1532, -0.42712, -0.18127, 0.97107, 2.38037, -0.61035, -21.17920
1549, -0.42627, -0.11243, 0.98242, 1.77002, -0.06104, -15.80811
1566, -0.41260, -0.05457, 0.96387, 1.77002, 0.06104, -15.86914
1583, -0.42822, -0.02637, 0.97241, 0.73242, 0.12207, -13.36670
1600, -0.39038, 0.05566, 0.96912, -0.18311, 0.67139, -12.75635
1617, -0.05371, 0.01501, 0.97754, -1.52588, 1.58691, -3.90625
1634, -0.07288, -0.01367, 0.97937, 1.34277, 1.64795, 1.46484
1651, -0.37866, -0.01978, 0.98010, 1.22070, 1.28174, 30.45654
1668, -0.43774, 0.00928, 0.97339, 1.22070, 0.48828, 23.98682
1685, -0.37573, -0.04016, 0.97314, 1.09863, -0.24414, 20.26367
1702, -0.24255, -0.00610, 0.97510, 1.22070, 0.24414, 18.12744
1719, -0.28662, -0.00757, 0.97290, 0.00000, 0.67139, 18.31055
1736, -0.34399, -0.01038, 0.96875, -0.73242, 0.06104, 19.53125
1753, -0.30078, -0.01306, 0.97864, -0.06104, 0.54932, 16.54053
1770, -0.32263, -0.04578, 0.96680, 0.42725, 0.54932, 12.39014
1787, -0.21936, -0.04517, 0.98071, 0.79346, 1.77002, 10.25391
1804, -0.23352, -0.06628, 0.96802, 0.85449, 0.97656, 11.71875
1821, -0.21912, -0.04150, 0.97351, 0.36621, 1.83105, 13.79395
1838, -0.24939, -0.01819, 0.97314, 1.09863, 1.40381, 19.16504
1855, -0.20642, -0.00537, 0.96436, 1.09863, 0.61035, 21.11816
1872, -0.09607, 0.03259, 0.97595, 1.52588, 0.42725, 20.32471
1889, -0.04907, 0.02441, 0.97241, 2.56348, 0.36621, 19.04297
1906, -0.04517, 0.00037, 0.97070, 1.28174, 1.46484, 17.57813
1923, -0.04163, 0.00134, 0.96509, 0.42725, 1.40381, 18.49365
1940, 0.00659, 0.03589, 0.97412, 0.00000, 0.79346, 20.08057
1956, 0.01868, 0.07007, 0.97546, -0.18311, 0.79346, 19.71436
1973, 0.02197, 0.06030, 0.96948, 1.34277, 0.42725, 15.56396
1990, 0.03992, 0.02649, 0.96606, 1.70898, 0.06104, 9.58252
2007, 0.07629, -0.01147, 0.97449, 1.34277, 1.40381, 5.49316
2024, 0.10999, -0.01416, 0.97620, 0.54932, 0.85449, 4.82178
2041, 0.13171, -0.00732, 0.97742, 0.79346, 0.67139, 5.43213
2058, 0.15234, 0.00623, 0.98474, 0.30518, 0.36621, 5.98145
2075, 0.14050, 0.01697, 0.97144, 2.01416, -0.18311, 3.05176
2092, 0.22388, -0.02258, 0.97974, 2.25830, -0.36621, 1.40381
2109, 0.22229, -0.04150, 0.97217, 1.89209, -0.54932, 1.83105
2126, 0.29871, -0.02942, 0.97766, 1.15967, 0.91553, 1.95312
2143, 0.28809, 0.01599, 0.97424, 0.54932, -0.48828, 4.76074
2160, 0.32751, 0.01807, 0.97632, -0.85449, -0.36621, 4.27246
2177, 0.31226, 0.00403, 0.97217, 1.03760, -0.12207, 2.56348
2194, 0.33362, -0.01685, 0.96887, 0.91553, 0.36621, 1.22070
2211, 0.32385, -0.02698, 0.97522, 0.42725, 1.40381, 1.40381
2228, 0.30957, -0.01831, 0.97815, 0.36621, 1.40381, 1.34277
2245, 0.27319, -0.01648, 0.97742, 0.30518, 0.97656, 1.95312
2262, 0.24805, -0.02026, 0.97778, 0.61035, 0.85449, 2.31934
2279, 0.02319, -0.02271, 0.97400, 1.22070, 0.12207, 0.67139
2296, -0.01672, -0.01392, 0.98157, 1.28174, -0.30518, 0.18311
2313, -0.02100, -0.01685, 0.97253, 0.85449, -0.73242, -0.06104
2330, -0.01794, -0.04346, 0.97180, 0.91553, -0.54932, -0.30518
2347, -0.02209, -0.01208, 0.97253, 1.28174, -0.30518, -3.96729
2364, -0.03052, 0.00891, 0.97119, 1.09863, 0.48828, -2.74658
2381, -0.02295, -0.01160, 0.97351, 1.09863, 0.79346, 0.85449
2398, -0.02148, -0.01428, 0.97400, 1.22070, 1.22070, 1.03760
2415, -0.02100, -0.01624, 0.97314, 0.85449, 1.15967, 0.91553
2432, -0.01953, -0.01514, 0.97400, 0.67139, 1.40381, 0.79346
2449, -0.02002, -0.01428, 0.97314, 0.61035, 1.46484, 0.61035
2466, -0.01978, -0.01306, 0.97510, 0.12207, 1.15967, 0.42725
2483, -0.01953, -0.01331, 0.97546, 0.36621, 1.03760, 0.42725
2500, -0.02136, -0.01477, 0.97253, 0.30518, 0.91553, 0.36621
2517, -0.01941, -0.01208, 0.97412, -0.48828, 1.34277, 0.18311
2534, -0.01941, -0.01050, 0.97375, -0.24414, 1.64795, 0.18311
2551, -0.01733, -0.00989, 0.97437, 0.06104, 1.52588, 0.24414
2568, -0.01807, -0.00916, 0.97498, 0.30518, 1.46484, 0.06104
2585, -0.01794, -0.01038, 0.97375, 1.09863, 1.09863, 0.30518
2602, -0.01831, -0.01050, 0.97375, 1.15967, 1.15967, -0.12207
2619, -0.01904, -0.01147, 0.97632, 0.91553, 1.52588, -0.30518
2636, -0.02393, -0.00085, 0.98987, 2.56348, 3.47900, -0.67139
2653, -0.01868, -0.00439, 0.98669, 7.87354, 6.34766, 0.42725
in switch loop
2, -0.02673, -0.01892, 0.99561, 0.30518, -0.67139, 0.06104
18, -0.01599, -0.01428, 0.97546, 0.48828, -0.85449, -0.85449
35, -0.02112, -0.01416, 0.97681, -0.18311, -0.73242, -0.91553
52, -0.02148, -0.01172, 0.97681, 0.36621, -0.48828, 15.31982
69, -0.02039, -0.01074, 0.97559, 0.97656, -0.06104, 0.42725
86, -0.01868, -0.01147, 0.97461, 1.22070, 0.48828, 0.67139
103, -0.01831, -0.01160, 0.97498, 1.70898, 0.91553, 0.67139
120, -0.01721, -0.01123, 0.97534, 1.34277, 0.79346, 0.79346
137, -0.01770, -0.01196, 0.97510, 1.28174, 0.73242, 0.79346
154, -0.01758, -0.01208, 0.97473, 1.28174, 0.42725, 0.73242
171, -0.01733, -0.01294, 0.97485, 1.22070, 0.61035, 0.73242
188, -0.01855, -0.01196, 0.97449, 1.03760, 0.48828, 0.73242
205, -0.01819, -0.01196, 0.97546, 1.28174, 0.48828, 0.61035
222, -0.01746, -0.01245, 0.97693, 1.28174, 0.54932, 0.85449
239, -0.01733, -0.01221, 0.97522, 1.03760, 0.30518, 0.54932
256, -0.01782, -0.01233, 0.97473, 1.15967, 0.30518, 0.61035
273, -0.01758, -0.01172, 0.97595, 0.97656, 0.18311, 0.67139
290, -0.01758, -0.01245, 0.97473, 0.97656, 0.18311, 0.79346
307, -0.01880, -0.01233, 0.97522, 1.03760, 0.30518, 0.79346
324, -0.01807, -0.01270, 0.97424, 1.15967, 0.36621, 0.73242
341, -0.01855, -0.01196, 0.97498, 1.03760, 0.18311, 0.85449
358, -0.01892, -0.01160, 0.97546, 1.34277, 0.30518, 0.79346
375, -0.01782, -0.01257, 0.97449, 1.28174, 0.18311, 0.67139
392, -0.01746, -0.01233, 0.97424, 1.15967, 0.12207, 0.73242
409, -0.01843, -0.01172, 0.97437, 1.22070, 0.12207, 0.85449
426, -0.01843, -0.01147, 0.97498, 1.22070, 0.18311, 0.91553
443, -0.01843, -0.01196, 0.97449, 1.34277, 0.18311, 1.03760
460, -0.01929, -0.01306, 0.97485, 1.40381, 0.18311, 0.79346
477, -0.01904, -0.01196, 0.97461, 1.22070, 0.36621, 0.85449
494, -0.01904, -0.01343, 0.97449, 1.22070, 0.48828, 0.79346
511, -0.02014, -0.01343, 0.97510, 1.15967, 0.73242, 0.85449
528, -0.02185, -0.01367, 0.97705, 1.34277, 1.09863, 1.03760
545, -0.40771, -0.09497, 0.97449, 0.97656, 0.61035, 5.79834
562, -0.23242, -0.07678, 0.97437, 1.09863, 0.30518, 2.44141
579, -0.19287, -0.06665, 0.97510, 1.03760, 0.42725, 6.22559
596, -0.17590, -0.10181, 0.97498, 0.91553, 0.36621, 5.67627
613, -0.19495, -0.12695, 0.97351, 1.15967, 0.48828, 3.78418
630, -0.18713, -0.15271, 0.97534, 0.73242, 0.67139, 5.67627
647, -0.19580, -0.18127, 0.97717, 0.67139, 0.36621, 8.60596
664, -0.16284, -0.21619, 0.97437, 0.73242, 0.36621, 9.46045
681, -0.15564, -0.23645, 0.97241, 1.52588, 0.24414, 12.93945
698, -0.12415, -0.27844, 0.97375, 2.38037, 0.67139, 13.54980
715, -0.06921, -0.28442, 0.97534, 2.74658, 0.24414, 18.73779
732, -0.04907, -0.26074, 0.97461, 0.73242, 1.15967, 25.08545
749, 0.01416, -0.20935, 0.98560, -0.54932, 1.03760, 30.63965
767, 0.04004, -0.21240, 0.97351, -0.97656, 0.85449, 33.32520
784, 0.08240, -0.23926, 0.97229, -1.40381, 1.15967, 38.08594
801, 0.12854, -0.18823, 0.97571, -1.89209, 0.67139, 46.08154
818, 0.17554, -0.09009, 0.97449, -0.42725, 1.28174, 50.04883
835, 0.19446, -0.05615, 0.97900, 2.74658, 1.22070, 53.34473
851, 0.23840, 0.05273, 0.97168, 2.31934, 0.97656, 53.16162
868, 0.25122, 0.05054, 0.97754, 3.84521, 1.46484, 51.14746
885, 0.30371, 0.10938, 0.98022, 2.86865, 0.85449, 43.88428
902, 0.30469, 0.02063, 0.98181, 1.83105, 0.97656, 32.53174
919, 0.30676, 0.14624, 0.97485, 3.60107, 0.73242, 39.18457
935, 0.28430, 0.36633, 0.97363, -0.24414, 0.67139, 40.83252
952, 0.27332, 0.28174, 0.97742, -1.09863, 0.91553, 34.72900
969, 0.25464, 0.22375, 0.96558, 2.86865, 3.60107, 26.67236
986, 0.22559, 0.16968, 0.96997, -0.91553, 0.91553, 26.97754
1003, 0.18665, 0.22705, 0.98193, -0.48828, 0.79346, 26.79443
1020, 0.13635, 0.23901, 0.97253, 2.80762, 0.06104, 25.57373
1036, 0.13159, 0.28845, 0.97888, 3.17383, -0.48828, 21.60645
1053, 0.10693, 0.26538, 0.96533, 2.99072, 0.85449, 13.12256
1070, -0.04675, 0.26318, 0.97864, 0.79346, 1.77002, 6.83594
1087, 0.09717, 0.21033, 0.97839, 1.95312, 1.28174, 4.69971
1104, -0.03662, 0.23022, 0.97510, 1.58691, -0.91553, 1.77002
1121, -0.03247, 0.23962, 0.97278, 2.01416, 0.85449, -2.13623
1138, -0.10168, 0.20166, 0.97229, 3.35693, 0.73242, -2.80762
1155, -0.13416, 0.22266, 1.00977, 5.61523, -1.52588, -4.27246
1172, -0.15320, 0.28369, 0.95288, 8.42285, -2.68555, -9.21631
1189, -0.12573, 0.28210, 0.97437, -5.31006, -0.30518, -10.13184
1206, -0.18433, 0.19409, 0.97864, -5.24902, 1.28174, -13.00049
1223, -0.22827, 0.14429, 0.97180, -1.77002, -0.54932, -19.40918
1240, -0.25122, 0.09338, 0.97485, 0.30518, -0.97656, -19.16504
1257, -0.20300, 0.16138, 0.97375, 4.88281, 0.00000, -13.91602
1274, -0.22974, 0.08057, 0.95898, 4.39453, 0.18311, -17.70020
1291, -0.26868, 0.11719, 0.97986, -1.15967, -0.30518, -22.33887
1308, -0.24622, 0.02832, 0.97388, 0.91553, -0.30518, -24.84131
1325, -0.19397, 0.09680, 0.97510, 1.89209, 1.58691, -20.93506
1342, -0.20276, 0.08789, 0.97620, 2.50244, 0.30518, -27.95410
1359, -0.19141, 0.05725, 0.97156, 1.77002, 0.73242, -30.51758
1376, -0.17566, 0.07349, 0.98022, -2.13623, 1.52588, -15.99121
1393, -0.17212, 0.08435, 0.97583, 1.77002, 0.91553, -33.56934
1410, -0.20264, -0.11987, 0.97021, 0.79346, 0.06104, -32.22656
1427, -0.20020, -0.03955, 0.96643, 0.97656, -0.42725, -23.31543
1444, -0.22815, -0.13135, 0.96985, 1.46484, 0.54932, -26.42822
1461, -0.24304, -0.14490, 0.97192, 1.95312, 0.12207, -22.58301
1478, -0.21863, -0.06091, 0.96985, 2.99072, 1.15967, -23.98682
1495, -0.22021, -0.15918, 0.97314, 1.70898, 0.30518, -30.51758
1512, -0.25830, -0.22107, 0.97339, 1.89209, -0.42725, -23.86475
1529, -0.23010, -0.20264, 0.96997, -0.30518, 0.12207, -23.55957
1546, -0.22827, -0.22900, 0.97607, 0.54932, 0.79346, -20.20264
1563, -0.22156, -0.17322, 0.97046, -0.12207, 0.54932, -18.67676
1580, -0.18921, -0.15295, 0.97070, 0.30518, 0.85449, -19.71436
1597, -0.17603, -0.15430, 0.97205, 1.15967, 1.09863, -18.61572
1614, -0.17896, -0.16138, 0.96887, 1.77002, 0.24414, -17.15088
1631, -0.18884, -0.17859, 0.97241, -1.15967, 0.30518, -14.89258
1648, -0.19653, -0.19482, 0.97412, -0.30518, -0.24414, -12.57324
1665, -0.14880, -0.16321, 0.97314, 1.22070, 0.06104, -9.88770
1682, -0.09607, -0.10876, 0.97314, 0.36621, 0.54932, -5.98145
1699, -0.08618, -0.16687, 0.97290, 0.97656, 1.40381, -5.49316
1716, -0.10767, -0.16113, 0.96863, 0.97656, 1.64795, -4.15039
1733, -0.10046, -0.12671, 0.96851, 2.01416, 1.34277, -3.47900
1750, -0.08276, -0.14819, 0.97925, 0.85449, 0.48828, -2.56348
1767, -0.07410, -0.20435, 0.96960, 1.58691, 0.24414, -2.56348
1784, -0.05811, -0.22180, 0.97217, 1.15967, 0.30518, -1.77002
1801, -0.05249, -0.22803, 0.97314, 1.52588, 1.52588, 2.92969
1818, -0.02576, -0.18457, 0.96692, 2.38037, 1.70898, 9.21631
1835, 0.00183, -0.12219, 0.97949, 2.99072, 0.67139, 14.09912
1852, 0.01819, -0.16711, 0.96326, 2.74658, 1.52588, 12.93945
1869, 0.06018, -0.14014, 0.97253, 2.13623, 1.58691, 13.91602
1886, 0.01697, -0.11365, 0.97083, -0.18311, 0.79346, 14.22119
1903, 0.03430, -0.12903, 0.97742, -0.73242, -0.30518, 14.09912
1920, 0.05627, -0.14368, 0.97632, -1.34277, 0.12207, 15.13672
1937, 0.10645, -0.11060, 0.98083, -0.30518, 0.18311, 17.63916
1954, 0.10498, -0.10669, 0.97278, 2.50244, 0.12207, 18.18848
1971, 0.11072, -0.06165, 0.97070, 4.88281, 0.73242, 18.61572
1988, 0.12671, -0.04016, 0.97864, 4.76074, 0.97656, 18.00537
2005, 0.14453, -0.03406, 0.97705, 4.02832, 0.85449, 18.55469
2022, 0.17285, -0.03357, 0.97131, 0.79346, 0.67139, 16.41846
2039, 0.19861, -0.02258, 0.97229, 0.36621, 1.83105, 16.35742
2056, 0.17712, -0.01672, 0.97290, -2.86865, 0.73242, 20.81299
2073, 0.10583, -0.01501, 0.97278, -3.90625, 0.97656, 21.05713
2090, 0.09253, -0.00488, 0.96924, -1.09863, 0.48828, 14.77051
2107, 0.08362, -0.01917, 0.98132, 1.22070, -0.12207, 12.69531
2124, 0.06848, -0.05530, 0.96790, 3.35693, 0.54932, 19.04297
2141, 0.06262, 0.08118, 0.97412, 3.29590, 1.15967, 25.93994
2158, 0.05603, 0.10449, 0.97546, 2.86865, 1.15967, 27.58789
2175, 0.05408, 0.18311, 0.97485, 2.56348, 1.70898, 30.88379
2192, 0.07227, 0.23560, 0.97656, 1.09863, 0.79346, 27.64893
2209, 0.05969, 0.20203, 0.97266, -0.12207, 0.54932, 23.37646
2226, 0.06824, 0.25916, 0.97498, 0.12207, 0.79346, 21.66748
2243, 0.07397, 0.30042, 0.97522, 0.85449, 1.03760, 15.93018
2260, 0.07874, 0.31726, 0.97522, 0.73242, 0.79346, 8.30078
2277, 0.08679, 0.36023, 0.97510, 0.73242, 0.42725, 0.85449
2294, -0.00989, 0.01294, 0.97656, 1.09863, -15.38086, 1.22070
2311, -0.01831, -0.01355, 0.97363, 2.99072, -0.36621, 1.15967
2328, -0.02808, -0.02661, 0.96997, 3.29590, 0.06104, 2.50244
2345, -0.02393, -0.02368, 0.97388, 1.22070, 0.73242, 7.50732
2362, -0.01038, -0.00928, 0.97461, 0.48828, 0.79346, 9.03320
2379, -0.01160, -0.01135, 0.97400, 0.79346, 0.48828, 6.22559
2396, -0.01379, -0.01099, 0.97461, 1.03760, -0.06104, 3.66211
2413, -0.01624, -0.01489, 0.97351, 0.85449, 0.06104, 1.70898
2430, -0.01758, -0.01392, 0.97485, 1.22070, 0.06104, 0.97656
2447, -0.01733, -0.01514, 0.97400, 1.40381, 0.18311, 0.85449
2464, -0.01831, -0.01782, 0.97241, 1.22070, 0.12207, 0.73242
2481, -0.01831, -0.01514, 0.97375, 1.52588, 0.24414, 0.67139
2498, -0.01807, -0.01526, 0.97400, 1.40381, 0.42725, 0.73242
2515, -0.01782, -0.01465, 0.97388, 1.34277, 0.36621, 0.73242
2532, -0.01807, -0.01685, 0.97302, 1.70898, 0.30518, 0.79346
2549, -0.01855, -0.01697, 0.97266, 1.22070, 0.61035, 0.85449
2566, -0.01709, -0.01563, 0.97498, 0.67139, 0.73242, 0.61035
2583, -0.01733, -0.01416, 0.97437, 1.15967, 0.61035, 0.79346
2600, -0.01758, -0.01489, 0.97461, 1.52588, 0.30518, 0.85449
2617, -0.01746, -0.01538, 0.97473, 1.22070, 0.54932, 0.91553
2634, -0.01843, -0.01697, 0.97363, 1.70898, 0.18311, 0.97656
2651, -0.01746, -0.01807, 0.97363, 1.15967, 0.61035, 0.79346
2668, -0.01685, -0.01624, 0.97363, 0.79346, 0.67139, 0.85449
2685, -0.01831, -0.01489, 0.97473, 0.61035, 0.24414, 0.85449
2702, -0.01807, -0.01538, 0.97485, 1.15967, 0.36621, 0.79346
2719, -0.01770, -0.01538, 0.97424, 1.15967, 0.36621, 0.73242
2736, -0.01855, -0.01624, 0.97363, 1.34277, 0.36621, 0.85449
2753, -0.01880, -0.01672, 0.97339, 1.52588, 0.48828, 0.91553
2770, -0.01709, -0.01685, 0.97449, 0.79346, 0.48828, 0.85449
2787, -0.01733, -0.01550, 0.97412, 0.85449, 0.42725, 0.85449
2804, -0.01770, -0.01599, 0.97412, 0.85449, 0.42725, 0.67139
2821, -0.01880, -0.01575, 0.97375, 0.67139, 0.36621, 0.79346
2838, -0.01770, -0.01611, 0.97388, 0.91553, 0.54932, 0.85449
2855, -0.01819, -0.01563, 0.97412, 0.85449, 0.79346, 0.85449
2872, -0.01733, -0.01587, 0.97485, 0.67139, 0.61035, 0.73242
2889, -0.01770, -0.01636, 0.97375, 0.85449, 0.67139, 0.67139
2906, -0.01770, -0.01501, 0.97449, 0.91553, 0.42725, 0.73242
2923, -0.01770, -0.01575, 0.97412, 0.85449, 0.48828, 0.67139
2940, -0.01782, -0.01465, 0.97473, 1.03760, 0.54932, 0.79346
2957, -0.01794, -0.01514, 0.97412, 1.03760, 0.42725, 0.91553
2974, -0.01746, -0.01501, 0.97400, 1.15967, 0.36621, 0.79346
2991, -0.01709, -0.01550, 0.97473, 1.09863, 0.30518, 0.73242
3008, -0.01843, -0.01672, 0.97510, 1.03760, 0.48828, 0.67139
3025, -0.01819, -0.01563, 0.97437, 0.97656, 0.48828, 0.85449
3042, -0.01929, -0.01416, 0.97412, 1.28174, 1.03760, 1.03760
3059, -0.02148, -0.01172, 0.97900, 1.95312, 1.40381, 2.25830
3076, -0.03088, -0.04614, 0.97290, 1.58691, 2.07520, 18.79883
in switch loop
2, -0.02490, -0.02185, 0.98938, 0.67139, -0.54932, 0.67139
18, -0.01819, -0.01355, 0.97546, 1.03760, -0.36621, 0.67139
35, -0.01819, -0.01233, 0.97559, 0.91553, -0.48828, 0.67139
52, -0.01855, -0.01331, 0.97473, 1.09863, -0.30518, 0.61035
69, -0.01880, -0.01270, 0.97559, 1.09863, 0.00000, 0.85449
86, -0.01831, -0.01343, 0.97388, 1.09863, 0.24414, 0.79346
103, -0.01880, -0.01343, 0.97473, 0.85449, 0.06104, 0.61035
120, -0.01855, -0.01331, 0.97485, 1.15967, 0.48828, 0.79346
137, -0.01794, -0.01392, 0.97485, 1.22070, 0.42725, 0.85449
154, -0.01868, -0.01270, 0.97437, 0.85449, 0.48828, 0.67139
171, -0.01855, -0.01282, 0.97424, 1.22070, 0.48828, 0.79346
188, -0.01807, -0.01294, 0.97412, 1.28174, 0.67139, 0.79346
205, -0.01794, -0.01379, 0.97522, 1.03760, 0.36621, 0.67139
222, -0.01819, -0.01379, 0.97522, 1.28174, 0.36621, 0.73242
239, -0.01855, -0.01392, 0.97498, 0.97656, 0.42725, 0.85449
256, -0.01770, -0.01379, 0.97449, 0.97656, 0.61035, 0.67139
273, -0.01868, -0.01355, 0.97522, 1.09863, 0.30518, 0.73242
290, -0.01782, -0.01355, 0.97534, 1.09863, 0.42725, 0.73242
307, -0.01831, -0.01343, 0.97424, 0.73242, 0.36621, 0.61035
324, -0.01782, -0.01331, 0.97473, 0.91553, 0.42725, 0.79346
341, -0.01855, -0.01318, 0.97424, 1.03760, 0.24414, 0.79346
358, -0.01831, -0.01343, 0.97510, 0.97656, 0.30518, 0.73242
375, -0.01904, -0.01270, 0.97534, 0.79346, 0.48828, 0.61035
392, -0.01782, -0.01245, 0.97498, 0.61035, 0.36621, 0.73242
409, -0.01807, -0.01257, 0.97510, 0.42725, 0.18311, 0.67139
426, -0.01843, -0.01245, 0.97571, 0.48828, 0.00000, 0.67139
443, -0.01758, -0.01367, 0.97595, 0.61035, -0.06104, 0.61035
460, -0.01270, -0.06226, 0.97644, 0.42725, -0.30518, -0.36621
477, -0.02002, -0.01831, 0.97351, 1.64795, -0.30518, -14.46533
494, -0.01587, -0.05334, 0.97510, 1.03760, 0.00000, -11.53564
511, -0.03247, -0.20435, 0.97473, 0.91553, -0.12207, -11.71875
528, -0.06909, -0.17041, 0.97473, 1.52588, 0.00000, -0.85449
545, -0.08264, -0.14722, 0.97437, 1.03760, 0.18311, 10.07080
562, -0.08398, -0.16711, 0.97534, 0.48828, 0.36621, 15.80811
579, -0.10168, -0.19202, 0.97437, 0.36621, 0.42725, 16.29639
596, -0.10828, -0.18091, 0.97510, 0.54932, 0.24414, 20.26367
613, -0.11609, -0.14673, 0.97449, 0.73242, 0.61035, 20.56885
630, -0.13599, -0.18066, 0.97485, 1.89209, 0.54932, 24.90234
647, -0.17065, -0.17041, 0.97498, 1.40381, 0.67139, 26.18408
664, -0.20093, -0.15063, 0.97461, 1.52588, 0.79346, 29.17480
681, -0.24329, -0.17786, 0.97351, 0.79346, 0.48828, 31.73828
698, -0.26428, -0.17310, 0.97607, 0.73242, 0.73242, 39.85596
715, -0.26514, -0.15576, 0.97021, 3.66211, -0.12207, 49.25537
732, -0.23547, -0.04407, 0.97034, 2.44141, 0.30518, 54.50439
749, -0.23865, -0.04468, 0.98315, -1.83105, 2.07520, 54.07715
766, -0.24622, -0.03503, 0.97107, 0.06104, 1.15967, 53.40576
783, -0.24731, 0.00305, 0.97266, 2.07520, 2.07520, 56.70166
800, -0.16248, 0.12842, 0.98621, 4.63867, 1.77002, 60.36377
817, -0.20056, 0.16028, 0.97485, -3.23486, 2.50244, 62.62207
834, -0.19275, 0.24048, 0.97681, 0.97656, 1.40381, 59.02100
851, -0.19617, 0.18848, 0.98230, 6.89697, 0.85449, 53.40576
868, -0.16528, 0.24500, 0.96765, 13.42773, 1.58691, 43.94531
885, -0.14368, 0.22485, 0.95178, 2.99072, 3.54004, 41.13770
902, -0.10730, 0.26672, 0.97107, -7.56836, 2.62451, 37.10938
919, -0.07153, 0.22046, 0.99402, -5.12695, -0.36621, 34.11865
936, -0.09937, 0.24048, 0.97522, -0.54932, 1.03760, 29.78516
953, -0.08606, 0.21814, 0.97449, 1.03760, 2.19727, 23.43750
970, -0.05298, 0.21057, 0.98572, 0.18311, -0.91553, 19.65332
987, -0.06091, 0.19373, 0.97546, 0.79346, 0.91553, 17.51709
1004, -0.05273, 0.18640, 0.98181, 1.09863, -0.67139, 17.63916
1021, -0.02747, 0.18396, 0.97180, 1.46484, -0.24414, 19.04297
1038, -0.01648, 0.24207, 0.96912, 1.77002, -0.12207, 15.13672
1055, 0.03662, 0.26038, 0.97766, 2.25830, 0.85449, 10.49805
1072, 0.06030, 0.30103, 0.97546, 2.25830, 0.61035, 6.71387
1089, 0.02576, 0.23511, 0.95496, 5.00488, 2.07520, -0.73242
1106, 0.04163, 0.23730, 0.97583, -1.09863, 0.30518, -5.06592
1123, 0.12830, 0.23169, 0.97375, 5.61523, 1.22070, -9.03320
1140, 0.21838, 0.19739, 0.95984, 2.44141, 0.85449, -12.32910
1157, 0.30554, 0.19958, 1.00415, -0.85449, 1.83105, -10.92529
1174, 0.27783, 0.19604, 0.95129, 7.81250, 2.50244, -19.65332
1191, 0.30176, 0.14087, 0.97974, -3.60107, -0.42725, -25.57373
1208, 0.26868, 0.15686, 0.95703, 1.40381, -0.42725, -27.40479
1225, 0.31384, 0.11621, 0.98511, -1.09863, 0.85449, -30.02930
1242, 0.32153, 0.05090, 0.97815, 4.21143, 0.30518, -37.29248
1259, 0.32141, 0.03650, 0.96057, 9.70459, 2.07520, -42.66357
1276, 0.31555, 0.07471, 0.97290, -1.03760, -1.52588, -44.43359
1293, 0.32214, -0.02563, 0.97473, -2.68555, -1.40381, -56.33545
1310, 0.29517, 0.00110, 0.96887, -4.08936, -2.07520, -54.13818
1327, 0.30017, -0.14417, 0.97559, -2.68555, 1.28174, -54.38232
1344, 0.26514, -0.12012, 0.96997, 2.31934, 0.61035, -54.62646
1361, 0.19495, -0.24854, 0.98535, 1.52588, -0.85449, -59.93652
1378, 0.19836, -0.24597, 0.97485, -1.03760, -0.85449, -53.89404
1395, 0.15417, -0.31311, 0.97046, -3.05176, 0.24414, -52.67334
1412, 0.07300, -0.35693, 0.97632, -0.42725, 0.42725, -50.90332
1429, 0.20947, -0.32764, 0.98389, 5.00488, 0.12207, -52.30713
1446, 0.02576, -0.28394, 0.97498, 4.57764, 0.91553, -38.02490
1463, 0.02234, -0.32263, 0.97009, 2.62451, 0.36621, -37.23145
1480, 0.05762, -0.26123, 0.96973, 2.01416, -0.12207, -29.90723
1497, 0.02832, -0.25647, 0.97375, 0.30518, -0.54932, -25.45166
1514, 0.04126, -0.21143, 0.97363, 0.91553, -1.09863, -25.14648
1531, -0.00391, -0.15540, 0.97266, 1.40381, -0.48828, -26.24512
1548, -0.02502, -0.18506, 0.96741, 0.36621, 0.73242, -27.52686
1565, -0.06848, -0.20654, 0.97095, 1.34277, 0.30518, -19.34814
1582, -0.04724, -0.18433, 0.97485, -1.22070, 0.42725, -16.35742
1599, -0.11133, -0.15393, 0.97400, 0.00000, 0.24414, -13.91602
1616, -0.11865, -0.15259, 0.97644, -0.73242, -0.61035, -15.50293
1633, -0.17761, -0.07996, 0.97009, -2.99072, -1.03760, -14.46533
1650, -0.21472, -0.14148, 0.97437, -0.48828, -0.85449, -18.00537
1667, -0.21863, -0.05481, 0.96960, 2.07520, -0.73242, -12.32910
1684, -0.21033, -0.11072, 0.97729, 3.11279, 0.00000, -18.92090
1701, -0.21936, -0.06848, 0.97595, 3.54004, 0.24414, -16.41846
1718, -0.21362, -0.05481, 0.97034, 2.13623, 0.42725, -14.28223
1735, -0.19849, -0.08130, 0.97083, 1.89209, 0.36621, -10.74219
1752, -0.22778, -0.00195, 0.97998, 0.97656, 0.42725, -2.74658
1769, -0.19446, 0.00049, 0.97144, 2.50244, -0.42725, -3.29590
1786, -0.20557, -0.01392, 0.97485, 0.73242, -0.18311, -0.30518
1803, -0.19702, -0.04578, 0.97961, 0.91553, 0.54932, 3.66211
1820, -0.16821, 0.03149, 0.97217, 2.13623, 0.06104, 11.59668
1837, -0.15808, 0.03516, 0.97278, 1.95312, 0.30518, 18.73779
1854, -0.18091, 0.04333, 0.96509, 2.31934, 0.36621, 22.21680
1871, -0.16833, 0.08704, 0.97852, 2.92969, 1.34277, 20.81299
1888, -0.13232, 0.04785, 0.97290, 0.48828, 0.79346, 20.56885
1905, -0.11768, 0.03577, 0.97351, -0.61035, 0.61035, 25.02441
1922, -0.11096, 0.13196, 0.97253, -0.91553, 0.67139, 23.25439
1939, -0.09534, 0.16382, 0.97498, -0.18311, 0.79346, 20.69092
1956, -0.09033, 0.15771, 0.97400, 0.36621, 0.36621, 19.34814
1973, -0.05457, 0.19739, 0.97473, 0.30518, 0.30518, 13.00049
1990, -0.04810, 0.19202, 0.97388, 1.34277, 0.18311, 4.02832
2007, -0.04675, 0.17358, 0.97400, 1.03760, 0.18311, -0.91553
2024, -0.06323, 0.17761, 0.97400, 0.79346, 0.12207, -4.33350
2041, -0.03625, 0.05127, 0.97388, 1.03760, 0.36621, -4.51660
2058, -0.02209, -0.00745, 0.97522, 1.52588, 0.30518, 0.67139
2075, -0.02112, -0.01099, 0.97400, 1.77002, 0.18311, 1.03760
2092, -0.02063, -0.01196, 0.97461, 2.31934, 0.30518, 1.28174
2109, -0.02185, -0.01392, 0.97400, 2.19727, 0.42725, 1.40381
2126, -0.02698, -0.01343, 0.97363, 1.58691, 0.24414, 2.25830
2143, -0.01477, -0.01611, 0.97327, 1.09863, 0.54932, 6.10352
2160, -0.01855, -0.01611, 0.97388, 0.91553, 0.48828, 2.62451
2178, -0.02075, -0.01392, 0.97363, 0.48828, 0.67139, 0.85449
2195, -0.02112, -0.01270, 0.97449, 0.54932, 0.54932, 0.61035
2212, -0.02124, -0.01270, 0.97510, 1.03760, 0.67139, 0.73242
2229, -0.02136, -0.01331, 0.97400, 1.15967, 0.42725, 0.73242
2246, -0.02112, -0.01343, 0.97363, 1.40381, 0.48828, 0.97656
2263, -0.01990, -0.01270, 0.97424, 1.15967, 0.61035, 0.91553
2280, -0.02014, -0.01404, 0.97424, 1.15967, 0.48828, 0.67139
2297, -0.02075, -0.01343, 0.97388, 1.09863, 0.54932, 0.67139
2314, -0.02063, -0.01282, 0.97388, 1.03760, 0.42725, 0.67139
2331, -0.02087, -0.01355, 0.97363, 1.28174, 0.61035, 0.73242
2348, -0.02148, -0.01465, 0.97314, 1.64795, 0.61035, 0.97656
2365, -0.04138, -0.04333, 0.97253, 1.83105, 0.97656, 5.73730
2382, -0.02026, -0.00793, 0.97656, 1.52588, 1.77002, 19.40918
2399, -0.02258, -0.01636, 0.97778, 3.05176, 2.44141, 16.84570
2416, -0.00476, -0.00049, 0.97412, 2.31934, 2.92969, 12.20703
in switch loop
2, -0.00024, -0.04797, 0.96960, 0.54932, -1.09863, 0.79346
18, -0.01929, -0.01074, 0.97681, 0.42725, -0.91553, 0.54932
36, -0.02063, -0.01196, 0.97485, 0.91553, -0.54932, 0.67139
53, -0.02075, -0.01257, 0.97534, 0.97656, -0.30518, 0.73242
70, -0.02100, -0.01392, 0.97424, 0.85449, -0.06104, 0.79346
87, -0.02063, -0.01147, 0.97595, 0.61035, 0.18311, 0.67139
104, -0.02075, -0.01147, 0.97510, 0.85449, 0.30518, 0.61035
121, -0.02124, -0.01172, 0.97510, 0.73242, 0.48828, 0.61035
138, -0.02014, -0.01135, 0.97534, 0.54932, 0.48828, 0.48828
155, -0.02051, -0.01172, 0.97522, 1.15967, 0.30518, 0.67139
172, -0.02124, -0.01184, 0.97522, 1.15967, 0.30518, 0.73242
189, -0.02124, -0.01135, 0.97437, 0.85449, 0.36621, 0.61035
206, -0.02075, -0.01221, 0.97437, 0.79346, 0.42725, 0.67139
223, -0.02136, -0.01587, 0.97498, 0.97656, 0.36621, -0.48828
240, -0.01965, -0.09705, 0.97412, 0.91553, 0.06104, -18.85986
257, -0.02258, -0.02356, 0.97461, 1.09863, 0.00000, -21.60645
274, -0.02979, -0.09387, 0.97473, 1.15967, 0.06104, -20.08057
291, -0.05151, -0.20801, 0.97424, 0.85449, 0.06104, -24.10889
308, -0.10583, -0.23108, 0.97510, 1.34277, -0.06104, -14.40430
325, -0.13635, -0.25598, 0.97461, 1.15967, 0.30518, -4.94385
342, -0.11450, -0.26013, 0.97485, 0.61035, -0.06104, -0.30518
359, -0.09570, -0.23633, 0.97534, 0.91553, 0.06104, 5.67627
376, -0.09778, -0.22839, 0.96533, 1.83105, 0.00000, 18.18848
393, -0.08813, -0.16455, 0.97156, 1.58691, 0.48828, 24.90234
410, -0.11438, -0.12158, 0.97290, 2.01416, 1.15967, 28.19824
427, -0.12988, -0.11133, 0.97144, 0.61035, 0.54932, 33.20313
444, -0.15601, -0.07556, 0.96631, -1.28174, 0.73242, 38.45215
461, -0.17188, -0.07019, 0.97021, 0.91553, 0.91553, 39.55078
478, -0.15393, -0.01245, 0.97681, 1.40381, 1.15967, 40.95459
495, -0.21118, 0.00342, 0.97107, 1.58691, 0.97656, 41.74805
512, -0.22595, 0.03210, 0.96826, 1.64795, 0.61035, 44.98291
529, -0.21558, 0.02710, 0.97656, 1.77002, 0.12207, 43.94531
546, -0.20044, 0.03857, 0.96948, 1.58691, 0.18311, 45.16602
563, -0.17322, 0.02844, 0.98145, 1.15967, 2.56348, 44.37256
580, -0.20947, 0.00769, 0.96960, 1.52588, 1.52588, 42.84668
597, -0.21472, 0.04236, 0.96948, -0.48828, 0.91553, 38.57422
614, -0.21838, 0.04773, 0.97522, 3.84521, 0.61035, 35.88867
631, -0.22766, 0.08228, 0.98169, 5.06592, 1.03760, 37.96387
648, -0.12219, 0.13281, 0.98621, 5.73730, 0.00000, 39.48975
665, -0.15771, 0.14868, 0.96936, 8.78906, 0.97656, 36.62109
682, -0.15039, 0.17090, 0.96948, 10.62012, 0.79346, 36.68213
699, -0.11890, 0.20166, 0.99207, -2.74658, 1.03760, 37.78076
716, -0.15820, 0.20569, 0.94995, -2.62451, 1.70898, 39.85596
733, -0.11194, 0.21973, 0.97876, -8.66699, 2.44141, 42.96875
750, -0.19031, 0.18469, 0.95837, 3.41797, 4.02832, 42.29736
767, -0.06177, 0.19409, 0.98450, 0.85449, 1.83105, 38.69629
784, -0.06226, 0.20020, 0.94983, 4.45557, 0.06104, 34.72900
801, -0.09436, 0.25623, 0.97815, -0.61035, 0.73242, 35.03418
818, -0.04175, 0.20569, 0.97766, 1.15967, 0.12207, 25.87891
835, -0.09863, 0.21985, 0.96960, -0.85449, 0.48828, 20.44678
852, -0.04114, 0.22107, 0.97571, -1.03760, 0.48828, 12.63428
869, -0.04590, 0.20728, 0.97058, 1.22070, -0.79346, 8.91113
886, -0.03223, 0.20935, 0.97083, 0.30518, 0.00000, 2.50244
903, 0.05554, 0.17981, 0.98340, -0.42725, 0.00000, -3.60107
920, 0.05835, 0.21521, 0.98828, 2.38037, 0.67139, -9.09424
937, 0.10107, 0.21362, 0.98657, 0.73242, 1.89209, -17.15088
954, 0.14734, 0.17053, 0.98779, 1.09863, 0.48828, -23.68164
971, 0.07813, 0.21802, 0.95154, 4.76074, 0.12207, -27.16064
988, 0.07764, 0.22412, 1.01501, -1.03760, 1.58691, -22.76611
1005, 0.18958, 0.28418, 0.99658, 6.22559, 1.52588, -29.11377
1022, 0.23633, 0.20642, 0.96082, 2.44141, 0.00000, -42.60254
1039, 0.24219, 0.16479, 0.96802, -0.12207, 0.30518, -44.25049
1056, 0.33899, 0.13538, 1.00281, -0.61035, 1.28174, -53.83301
1073, 0.37927, 0.14856, 0.97644, 5.85937, 2.44141, -62.86621
1090, 0.40112, -0.08557, 0.98132, 8.72803, 1.46484, -71.71631
1107, 0.46973, -0.03186, 0.98145, -5.43213, -1.09863, -73.42529
1124, 0.41736, -0.27734, 1.00269, -7.32422, -1.28174, -79.65088
1141, 0.40186, -0.08398, 0.96448, -2.92969, -3.72314, -77.57568
1158, 0.30591, -0.25940, 0.98352, 10.80322, 2.86865, -71.22803
1175, 0.28076, -0.28687, 0.95068, 6.10352, -2.44141, -67.38281
1192, 0.23376, -0.24512, 0.96960, -5.98145, -0.06104, -59.99756
1209, 0.22485, -0.28369, 0.98694, -9.52148, 2.07520, -57.06787
1226, 0.21667, -0.33142, 0.97302, -1.83105, -1.22070, -57.67822
1243, 0.16345, -0.35693, 0.97229, 1.40381, -0.79346, -52.24609
1260, 0.16138, -0.29028, 0.97412, 4.08936, 1.03760, -42.11426
1277, 0.11743, -0.26050, 0.97021, 1.64795, -0.24414, -39.55078
1294, 0.14099, -0.24084, 0.97607, 0.36621, -0.36621, -37.35352
1311, 0.10815, -0.17737, 0.97266, 1.52588, -0.42725, -32.77588
1328, 0.08606, -0.15881, 0.98340, 1.22070, -0.12207, -30.21240
1345, 0.06372, -0.10315, 0.98071, 0.61035, -0.24414, -28.13721
1362, 0.02478, -0.10205, 0.97791, -0.42725, -0.61035, -27.52686
1379, 0.03308, -0.09253, 0.97668, 0.61035, -0.85449, -25.87891
1396, 0.00269, -0.08594, 0.97607, 1.70898, 0.00000, -24.53613
1413, -0.07178, -0.09888, 0.97742, 0.91553, -0.12207, -22.39990
1430, -0.04126, -0.11328, 0.97229, 1.95312, -0.30518, -22.88818
1447, -0.08716, -0.11829, 0.96912, 0.79346, 0.36621, -22.70508
1464, -0.14172, -0.15210, 0.97876, 1.89209, -0.54932, -20.08057
1481, -0.12158, -0.17676, 0.96606, 1.40381, -0.24414, -16.05225
1498, -0.20813, -0.16711, 0.96643, 0.48828, -1.64795, -8.85010
1515, -0.20593, -0.21191, 0.96143, 1.77002, -0.85449, -8.30078
1532, -0.23840, -0.13721, 0.97876, 2.25830, 0.54932, -9.94873
1549, -0.31152, -0.05530, 0.98096, 1.46484, -0.24414, -24.96338
1566, -0.27222, -0.11719, 0.97388, -2.44141, 0.42725, -20.01953
1583, -0.27197, -0.13452, 0.97437, -2.19727, 0.12207, -14.95361
1600, -0.31946, -0.06128, 0.97644, 0.67139, 0.06104, -17.63916
1617, -0.27197, -0.11633, 0.97437, 2.86865, -0.18311, -11.41357
1634, -0.31763, -0.08350, 0.97522, 2.74658, 0.36621, 16.78467
1651, -0.22876, -0.00256, 0.97839, 3.23486, 0.18311, 23.68164
1668, -0.21619, -0.03674, 0.97693, 2.74658, 0.24414, 24.96338
1685, -0.21582, -0.00500, 0.97168, -0.06104, 0.97656, 28.74756
1702, -0.22412, 0.09985, 0.98059, 0.91553, 0.91553, 30.21240
1719, -0.15894, 0.09326, 0.97461, 2.86865, 0.36621, 23.68164
1736, -0.13525, 0.14648, 0.97107, 3.90625, 0.54932, 17.02881
1753, -0.11768, 0.26001, 0.97351, 4.08936, 1.77002, 18.24951
1770, -0.10657, 0.26990, 0.97241, 0.79346, 1.89209, 17.51709
1787, -0.13501, 0.15076, 0.97498, -1.40381, 1.46484, 41.50391
1804, -0.14929, 0.00647, 0.97473, -1.58691, 1.34277, 50.53711
1821, -0.18481, 0.06567, 0.97485, -0.42725, 0.36621, 45.83740
1838, -0.16650, 0.00232, 0.97363, -0.42725, 0.61035, 45.83740
1855, -0.15247, -0.02979, 0.97180, -0.24414, 1.46484, 53.95508
1872, -0.10376, 0.13013, 0.97534, 0.54932, 1.70898, 60.48584
1889, -0.08850, 0.11536, 0.97388, 2.07520, 1.22070, 55.78613
1906, -0.06116, 0.18542, 0.97583, 0.73242, 0.91553, 44.43359
1923, -0.03003, 0.16223, 0.97437, 0.85449, 1.09863, 34.24072
1940, -0.01843, 0.09680, 0.97449, 1.34277, 0.79346, 28.80859
1957, 0.01196, 0.09351, 0.97400, 1.03760, 0.79346, 24.90234
1974, 0.01965, 0.08716, 0.97498, 0.97656, 1.03760, 21.66748
1990, 0.01184, 0.08423, 0.97266, 1.46484, 0.61035, 18.98193
2006, -0.00049, 0.06396, 0.97400, 1.28174, 0.42725, 15.68604
2023, 0.06665, 0.06311, 0.97485, 1.58691, 0.48828, 12.81738
2040, 0.05298, 0.05371, 0.97449, 1.46484, 0.48828, 12.20703
2057, 0.03638, 0.04150, 0.97400, 1.09863, 0.54932, 8.36182
2073, 0.05347, 0.03625, 0.97522, 1.22070, 0.73242, 7.26318
2089, 0.02551, 0.01758, 0.97461, 1.64795, 0.24414, 7.62939
2106, 0.03821, 0.01062, 0.97522, 1.46484, 0.30518, 8.17871
2123, 0.02905, 0.00513, 0.97424, 1.40381, 0.12207, 9.03320
2140, 0.00928, -0.00232, 0.97461, 1.28174, 0.12207, 6.16455
2157, -0.00354, -0.00598, 0.97473, 1.22070, 0.18311, 3.96729
2174, -0.01062, -0.00964, 0.97473, 1.28174, 0.30518, 2.80762
2191, -0.01758, -0.01318, 0.97400, 1.40381, 0.12207, 1.77002
2208, -0.01794, -0.01245, 0.97546, 1.28174, 0.30518, 0.97656
2225, -0.02002, -0.01147, 0.97375, 0.79346, 0.36621, 0.67139
2242, -0.02136, -0.01123, 0.97388, 0.85449, 0.42725, 0.67139
2259, -0.01965, -0.01160, 0.97461, 0.91553, 0.54932, 0.73242
2276, -0.02075, -0.01111, 0.97424, 1.40381, 0.54932, 0.67139
2293, -0.02112, -0.01270, 0.97400, 1.28174, 0.42725, 0.85449
2310, -0.02075, -0.01208, 0.97412, 1.03760, 0.54932, 0.73242
2327, -0.01965, -0.01184, 0.97485, 1.15967, 0.61035, 0.67139
2344, -0.01819, -0.01160, 0.97412, 1.15967, 0.54932, 0.73242
2361, -0.02002, -0.01208, 0.97388, 1.28174, 0.24414, 0.85449
2378, -0.02075, -0.01282, 0.97473, 1.34277, 0.06104, 0.67139
2395, -0.02112, -0.01294, 0.97351, 1.09863, 0.24414, 0.79346
2412, -0.01965, -0.01208, 0.97424, 0.91553, 0.36621, 0.85449
2429, -0.01965, -0.01184, 0.97412, 0.73242, 0.42725, 0.73242
2446, -0.02063, -0.01245, 0.97522, 0.97656, 0.42725, 0.85449
2463, -0.02002, -0.01172, 0.97437, 1.22070, 0.42725, 0.67139
2480, -0.01965, -0.01245, 0.97437, 1.22070, 0.36621, 0.73242
2497, -0.02039, -0.01318, 0.97437, 1.03760, 0.54932, 0.73242
2514, -0.02026, -0.01270, 0.97522, 1.09863, 0.61035, 0.79346
2531, -0.02002, -0.01208, 0.97424, 1.09863, 0.54932, 0.79346
2548, -0.02014, -0.01245, 0.97510, 0.91553, 0.48828, 0.73242
2565, -0.02026, -0.01221, 0.97583, 0.97656, 0.30518, 0.67139
2582, -0.02026, -0.01184, 0.97522, 0.97656, 0.61035, 0.61035
2599, -0.02051, -0.01233, 0.97461, 1.09863, 0.61035, 0.67139
2616, -0.01965, -0.01233, 0.97412, 0.97656, 0.91553, 0.79346
2633, -0.02258, -0.01062, 0.97729, 0.91553, 1.40381, 0.85449
2650, -0.01794, -0.01355, 0.97571, 2.19727, 3.72314, 0.85449
